#kmer	position	shift	statistics	p-value	corrected.p	frac.obs	frac.exp	obs/exp	local.r
TNA	1	0	4.35986	4.35405	-0	0.129032	0.05571	2.31614	2.33274
TNA	2	0	5.63861	6.25026	1.79353	0.150538	0.05571	2.70216	2.72726
AA	3	0	4.78317	4.94118	0.484445	0.134409	0.0546747	2.45833	2.47787
ANCC	4	0	6.3178	6.24306	1.78633	0.0752688	0.016412	4.58621	4.67687
ANCA	5	0	4.11466	3.7272	-0	0.0645161	0.0211281	3.05357	3.08785
CCAG	6	0	4.27427	3.53718	-0	0.0322581	0.00669685	4.8169	4.91838
CACT	7	0	4.064	3.29038	-0	0.0268817	0.00528202	5.08929	5.20432
AGCT	8	0	3.24072	2.62045	-0	0.0215054	0.00490473	4.38462	4.46633
GTCA	9	0	4.9763	3.9526	-0	0.0268817	0.00396152	6.78571	7.00478
TNAT	10	0	4.05101	3.53488	-0	0.0483871	0.013771	3.5137	3.5621
TTGC	11	0	4.9763	3.9526	-0	0.0268817	0.00396152	6.78571	7.00478
AT	12	0	4.33408	4.29858	-0	0.123656	0.0526699	2.34775	2.36498
TACA	13	0	4.08982	3.21644	-0	0.0215054	0.00358423	6	6.16667
CACG	14	0	4.79493	3.68091	-0	0.0215054	0.00282965	7.6	7.88117
CTNG	15	0	3.49852	3.04465	-0	0.0537634	0.0188644	2.85	2.87879
GGNT	16	0	3.53319	3.04868	-0	0.0483871	0.0159404	3.0355	3.06927
GGCC	17	0	3.76223	3.06252	-0	0.0268817	0.00584795	4.59677	4.68792
GGNT	18	0	3.53319	3.04868	-0	0.0483871	0.0159404	3.0355	3.06927
TAG	19	0	3.55253	2.9521	-0	0.0322581	0.0084353	3.82418	3.88346
AGT	20	0	5.26867	4.8547	0.397966	0.0591398	0.0139043	4.25333	4.32947
GT	21	0	4.22614	4.16062	-0	0.123656	0.0537634	2.3	2.31628
ANGG	22	0	4.42892	4.0052	-0	0.0591398	0.0170723	3.46409	3.51085
GACT	23	0	3.25956	2.5865	-0	0.016129	0.0030183	5.34375	5.47224
GGTT	24	0	5.71077	4.45312	-0	0.0268817	0.00320694	8.38235	8.73075
ATGT	25	0	3.94468	3.11724	-0	0.0215054	0.00377287	5.7	5.84859
GCNG	26	0	3.51661	3.06209	-0	0.0537634	0.01877	2.86432	2.89348
AATA	27	0	3.8722	2.97421	-0	0.016129	0.00235805	6.84	7.06296
ATA	28	0	4.62285	3.99584	-0	0.0430108	0.00973304	4.41905	4.50226
GT	29	0	3.90105	3.73582	-0	0.11828	0.0537634	2.2	2.21436
ANNG	30	0	5.26875	5.74302	1.28629	0.155914	0.062441	2.49698	2.51735
CANA	31	0	4.15585	3.72886	-0	0.0591398	0.0182984	3.23196	3.27143
TNAG	32	0	5.69843	5.38272	0.92599	0.0645161	0.0145256	4.44156	4.52575
GAG	33	0	6.7453	6.93849	2.48176	0.0860215	0.0188172	4.57143	4.66142
AG	34	0	6.26522	7.4646	3.00787	0.182796	0.0675232	2.70715	2.73237
G	35	0	6.34788	9.14087	4.68414	0.456989	0.254301	1.79704	1.80482
TGTC	36	0	6.05176	4.88382	0.427089	0.0322581	0.00405584	7.95349	8.26411
AGAG	37	0	5.87674	4.75835	0.301619	0.0322581	0.00424448	7.6	7.88117
GNCC	38	0	4.03749	3.6094	-0	0.0591398	0.0188644	3.135	3.1716
ANCC	39	0	2.85516	2.40938	-0	0.0430108	0.016412	2.62069	2.64385
GTGC	40	0	3.95882	3.21141	-0	0.0268817	0.00547067	4.91379	5.01999
CNTA	41	0	4.40952	3.73033	-0	0.0376344	0.00830032	4.53409	4.62239
CCTT	42	0	4.47592	3.59467	-0	0.0268817	0.00462177	5.81633	5.9718
C	43	0	3.09613	2.99207	-0	0.370968	0.270161	1.37313	1.37591
TNNC	44	0	3.82575	3.67421	-0	0.129032	0.0615922	2.09495	2.10742
GNCT	45	0	3.52184	3.09336	-0	0.0591398	0.0215997	2.73799	2.76396
CATC	46	0	4.32037	3.57396	-0	0.0322581	0.00660253	4.88571	4.99053
CNNC	47	0	8.17579	11.5823	7.12556	0.252688	0.0852669	2.9635	2.99529
CNNC	48	0	8.17579	11.5823	7.12556	0.252688	0.0852669	2.9635	2.99529
TCG	49	0	5.73457	5.09514	0.638408	0.0483871	0.00889878	5.4375	5.57113
CG	50	0	5.81054	6.16223	1.7055	0.112903	0.0348095	3.24346	3.28327
GCCG	51	0	5.25364	3.96717	-0	0.0215054	0.00245237	8.76923	9.15365
TGCG	52	0	4.95116	3.59697	-0	0.016129	0.00160347	10.0588	10.5767
GG	53	0	3.98112	3.92939	-0	0.150538	0.0740842	2.03198	2.04338
GAGG	54	0	4.14097	3.43036	-0	0.0322581	0.00697982	4.62162	4.7139
AGG	55	0	3.80858	3.37926	-0	0.0591398	0.0200222	2.9537	2.98523
AAGA	56	0	4.16634	3.26825	-0	0.0215054	0.00348991	6.16216	6.33904
GACG	57	0	5.98899	4.40029	-0	0.0215054	0.00198076	10.8571	11.4682
ACG	58	0	4.11134	3.40653	-0	0.0322581	0.00704486	4.57895	4.66928
CG	59	0	2.61034	2.22806	-0	0.0698925	0.0348095	2.00785	2.01885
C	60	0	2.43563	2.15947	-0	0.349462	0.270161	1.29353	1.29559
CNNC	1	0	-3.11371	3.53017	-0	0.0215054	0.0852669	0.252212	0.251197
GC	2	0	-2.87268	3.09851	-0	0.016129	0.0698013	0.23107	0.230114
CC	3	0	-2.51459	2.38365	-0	0.0268817	0.0756333	0.355422	0.354188
C	4	0	-2.35306	2.00781	-0	0.193548	0.270161	0.716418	0.715321
C	5	0	-2.68332	2.44669	-0	0.182796	0.270161	0.676617	0.675436
CNGC	6	0	-2.12807	1.94323	-0	0	0.0237691	0	0
TNNC	7	0	-2.27405	2.02739	-0	0.0215054	0.0615922	0.349158	0.347934
CNG	8	0	-3.14212	3.65904	-0	0.016129	0.0778643	0.207143	0.206259
TC	9	0	-2.56164	2.48545	-0	0.0215054	0.0691635	0.310935	0.309782
G	10	0	-2.5762	2.30526	-0	0.172043	0.254301	0.676533	0.675352
TNC	11	0	-1.92647	1.54597	-0	0.0322581	0.0677605	0.47606	0.474716
TC	12	0	-2.27266	2.01183	-0	0.0268817	0.0691635	0.388669	0.387389
CTNC	13	0	-2.21305	2.09947	-0	0	0.0256555	0	0
GAG	14	0	-1.88868	1.53451	-0	0	0.0188172	0	0
CNNC	15	0	-2.58862	2.48482	-0	0.0322581	0.0852669	0.378319	0.377052
TGC	16	0	-2.00846	1.73318	-0	0	0.0212273	0	0
GCC	17	0	-2.0396	1.78674	-0	0	0.0218762	0	0
CANC	18	0	-2.20468	2.08383	-0	0	0.0254669	0	0
ANC	19	0	-2.59466	2.57654	-0	0.016129	0.0620133	0.26009	0.259054
GNC	20	0	-2.61846	2.5829	-0	0.0215054	0.0707267	0.304063	0.302923
C	21	0	-3.01357	2.94338	-0	0.172043	0.270161	0.636816	0.635568
CG	22	0	-2.59	2.86198	-0	0	0.0348095	0	0
TCA	23	0	-2.03518	1.77909	-0	0	0.0217835	0	0
TGG	24	0	-2.092	1.87866	-0	0	0.0229885	0	0
CG	25	0	-2.18997	1.97503	-0	0.00537634	0.0348095	0.15445	0.153748
GNG	26	0	-2.44057	2.2855	-0	0.0215054	0.0659066	0.326301	0.325117
ANG	27	0	-2.09216	1.76761	-0	0.0215054	0.0571005	0.376623	0.375359
C	28	0	-3.01357	2.94338	-0	0.172043	0.270161	0.636816	0.635568
A	29	0	-2.40147	2.08233	-0	0.155914	0.230018	0.677834	0.676656
CG	30	0	-2.18997	1.97503	-0	0.00537634	0.0348095	0.15445	0.153748
GNNG	31	0	-2.77712	2.91265	-0	0.016129	0.0670628	0.240506	0.239523
ANNT	32	0	-2.3136	2.10698	-0	0.016129	0.0547067	0.294828	0.293708
CG	33	0	-2.59	2.86198	-0	0	0.0348095	0	0
G	34	0	-2.91295	2.79765	-0	0.16129	0.254301	0.634249	0.632998
T	35	0	-3.00975	2.95891	-0	0.150538	0.24552	0.613139	0.611859
CNNC	36	0	-2.32607	2.06837	-0	0.0376344	0.0852669	0.441372	0.440043
TNC	37	0	-2.21821	1.93361	-0	0.0268817	0.0677605	0.396717	0.395427
ANNA	38	0	-2.02333	1.67525	-0	0.0215054	0.0554612	0.387755	0.386476
TNT	39	0	-2.22545	1.94389	-0	0.0268817	0.0679459	0.395634	0.394346
CA	40	0	-2.40363	2.19366	-0	0.0322581	0.0800984	0.40273	0.401434
TNT	41	0	-2.51681	2.4102	-0	0.0215054	0.0679459	0.316508	0.315342
TNC	42	0	-1.92647	1.54597	-0	0.0322581	0.0677605	0.47606	0.474716
AG	43	0	-2.50114	2.38422	-0	0.0215054	0.0675232	0.318489	0.31732
G	44	0	-2.40782	2.08195	-0	0.177419	0.254301	0.697674	0.696536
CTNG	45	0	-1.89109	1.5384	-0	0	0.0188644	0	0
GG	46	0	-2.45795	2.29302	-0	0.0268817	0.0740842	0.362854	0.361608
AA	47	0	-2.95737	3.47156	-0	0.00537634	0.0546747	0.0983333	0.0978564
GG	48	0	-3.29783	4.11724	-0	0.0107527	0.0740842	0.145141	0.144474
GNT	49	0	-2.61115	2.65671	-0	0.0107527	0.0540415	0.198971	0.198113
GG	50	0	-3.57779	5.01679	0.560061	0.00537634	0.0740842	0.0725707	0.0722087
TNNC	51	0	-3.18901	4.01432	-0	0.00537634	0.0615922	0.0872894	0.0868609
TCA	52	0	-2.03518	1.77909	-0	0	0.0217835	0	0
TNTG	53	0	-1.9945	1.70942	-0	0	0.0209394	0	0
TCNG	54	0	-1.9198	1.585	-0	0	0.0194303	0	0
TGC	55	0	-2.00846	1.73318	-0	0	0.0212273	0	0
TNCA	56	0	-2.00822	1.73277	-0	0	0.0212224	0	0
TCA	57	0	-2.03518	1.77909	-0	0	0.0217835	0	0
CTG	58	0	-1.94331	1.59416	-0	0.00537634	0.0294772	0.18239	0.181587
GT	59	0	-1.95052	1.58106	-0	0.0215054	0.0537634	0.4	0.398707
T	60	0	-1.98757	1.58842	-0	0.182796	0.24552	0.744526	0.743499
