#kmer	position	shift	statistics	p-value	corrected.p	frac.obs	frac.exp	obs/exp	local.r
RH	1	0	3.56059	2.97408	-0	0.0594059	0.0155587	3.81818	3.92891
Y	2	0	1.85624	1.5612	-0	0.118812	0.0712871	1.66667	1.67785
GAD	3	0	4.71038	3.27837	-0	0.019802	0.00152323	13	14.7727
AAG	4	0	3.32947	2.55501	-0	0.00990099	0.000761615	13	14.7727
ADA	5	0	3.32947	2.55501	-0	0.00990099	0.000761615	13	14.7727
AS	6	0	3.22183	2.56777	-0	0.029703	0.00565771	5.25	5.48303
V	7	0	1.59265	1.33184	-0	0.207921	0.151155	1.37555	1.38073
TA	9	0	2.7539	2.24466	-0	0.019802	0.00353607	5.6	5.87002
TT	10	0	1.69914	1.70369	-0	0.00990099	0.00212164	4.66667	4.84429
G	11	0	0.714946	0.756573	-0	0.0792079	0.0620462	1.2766	1.28014
AMD	12	0	4.86104	3.55613	-0	0.029703	0.00304646	9.75	10.6849
HK	13	0	5.00061	4.3636	-0	0.0792079	0.0162659	4.86957	5.06558
GY	14	0	3.86168	2.8656	-0	0.019802	0.00212164	9.33333	10.1818
M	15	0	1.39703	1.19012	-0	0.128713	0.0891089	1.44444	1.45089
AV	1	0	-0.0693755	0.536654	-0	0.00990099	0.0106082	0.933333	0.932712
WN	2	0	-0.894459	0.502633	-0	0.00990099	0.023338	0.424242	0.421814
HN	3	0	-1.17224	0.710707	-0	0.00990099	0.029703	0.333333	0.331126
Y	4	0	-1.23749	0.836385	-0	0.039604	0.0712871	0.555556	0.553097
S	5	0	-1.30265	0.899104	-0	0.049505	0.0858086	0.576923	0.574493
Y	6	0	-2.01093	1.65843	-0	0.019802	0.0712871	0.277778	0.275786
T	7	0	-0.374147	0.325407	-0	0.039604	0.0475248	0.833333	0.831947
AV	9	0	-0.0693755	0.536654	-0	0.00990099	0.0106082	0.933333	0.932712
DN	10	0	-1.2552	0.783164	-0	0.00990099	0.0318246	0.311111	0.308983
M	11	0	-1.39703	0.980343	-0	0.049505	0.0891089	0.555556	0.553097
T	12	0	-0.841831	0.541233	-0	0.029703	0.0475248	0.625	0.622665
G	13	0	-1.75987	1.33576	-0	0.019802	0.0620462	0.319149	0.316991
AV	14	0	-0.0693755	0.536654	-0	0.00990099	0.0106082	0.933333	0.932712
G	15	0	-1.75987	1.33576	-0	0.019802	0.0620462	0.319149	0.316991
