#kmer	position	shift	statistics	p-value	corrected.p	frac.obs	frac.exp	obs/exp	local.r
C	1	0	3.70698	3.86188	-0	0.360215	0.243548	1.47903	1.48287
CA	2	0	3.89839	3.77982	-0	0.134409	0.0642967	2.09044	2.10284
CNC	3	0	3.44684	3.21306	-0	0.129032	0.0661962	1.94924	1.95929
CNNC	4	0	4.56821	4.69819	0.324841	0.145161	0.0634866	2.28649	2.3025
ACCA	5	0	4.64116	3.58212	-0	0.0215054	0.00297415	7.23077	7.48279
AAAA	6	0	3.38892	2.67037	-0	0.016129	0.00285976	5.64	5.7851
CCAC	7	0	4.02993	3.17565	-0	0.0215054	0.00366049	5.875	6.034
CGCC	8	0	5.32206	4.0088	-0	0.0215054	0.0024022	8.95238	9.35449
AATT	9	0	4.41762	3.43602	-0	0.0215054	0.00320293	6.71429	6.92829
AGCC	10	0	4.31391	3.36722	-0	0.0215054	0.00331732	6.48276	6.68075
CNC	11	0	3.44684	3.21306	-0	0.129032	0.0661962	1.94924	1.95929
T	12	0	4.5791	5.40765	1.0343	0.424731	0.274839	1.54538	1.54995
G	13	0	7.68309	12.9069	8.53357	0.532258	0.279462	1.90458	1.91394
TNGC	14	0	8.06069	8.45005	4.07669	0.0860215	0.0147563	5.82946	5.98572
GNG	15	0	5.53673	6.36371	1.99036	0.193548	0.0821013	2.35744	2.37486
GNGG	16	0	5.40896	5.36525	0.9919	0.0860215	0.0245939	3.49767	3.54554
CTNC	17	0	4.35179	4.01777	-0	0.0698925	0.0225349	3.10152	3.13716
TNCT	18	0	4.81017	4.61526	0.241903	0.0806452	0.0252803	3.19005	3.22826
GGCG	19	0	5.84796	4.54328	0.169923	0.0268817	0.00308854	8.7037	9.08189
GCGT	20	0	4.13497	2.99985	-0	0.0107527	0.00102951	10.4444	11.0063
GNC	21	0	3.44564	3.20128	-0	0.123656	0.0625	1.97849	1.98901
GG	22	0	5.37688	6.08279	1.70944	0.188172	0.0807549	2.33016	2.34704
GGG	23	0	5.33478	5.27777	0.904417	0.0860215	0.0249776	3.44395	3.49005
GGNG	24	0	3.64417	3.24183	-0	0.0645161	0.0237932	2.71154	2.73686
GNG	25	0	3.39994	3.19307	-0	0.150538	0.0821013	1.83356	1.84186
T	26	0	4.41486	5.10378	0.730423	0.419355	0.274839	1.52582	1.53017
TA	27	0	4.39292	4.24142	-0	0.0967742	0.0364275	2.65663	2.68063
GAGG	28	0	5.08304	4.29302	-0	0.0376344	0.00686342	5.48333	5.61952
TANG	29	0	3.95748	3.34441	-0	0.0376344	0.00949439	3.96386	4.02839
GNGG	30	0	4.46214	4.17956	-0	0.0752688	0.0245939	3.06047	3.09494
GNAG	31	0	3.80934	3.38001	-0	0.0591398	0.0200183	2.95429	2.98583
CTTA	32	0	3.82424	2.94474	-0	0.016129	0.0024022	6.71429	6.92829
TTNC	33	0	4.10116	3.63018	-0	0.0537634	0.0160146	3.35714	3.40047
CACG	34	0	4.56246	3.38139	-0	0.016129	0.00183024	8.8125	9.20106
ACTA	35	0	7.08501	4.99065	0.617297	0.0215054	0.00148707	14.4615	15.5964
TAG	36	0	4.92791	4.26607	-0	0.0430108	0.00896057	4.8	4.90066
TAGT	37	0	5.32206	4.0088	-0	0.0215054	0.0024022	8.95238	9.35449
CATA	38	0	5.66153	4.21126	-0	0.0215054	0.00217342	9.89474	10.3945
GTGA	39	0	4.53978	3.74786	-0	0.0322581	0.00617708	5.22222	5.34419
TANA	40	0	4.84947	4.19686	-0	0.0430108	0.00915122	4.7	4.79592
ATGT	41	0	4.79954	3.95104	-0	0.0322581	0.00571951	5.64	5.7851
CGAA	42	0	5.24212	3.50782	-0	0.0107527	0.000686342	15.6667	17.0157
GTNC	43	0	3.96993	3.50208	-0	0.0537634	0.0165866	3.24138	3.28113
ATAG	44	0	9.98285	6.2901	1.91675	0.0215054	0.000800732	26.8571	31.2208
GAT	45	0	3.93449	3.42527	-0	0.0483871	0.0142249	3.40157	3.44631
GATG	46	0	3.94791	3.20319	-0	0.0268817	0.00549073	4.89583	5.00115
TNAG	47	0	3.59242	3.1041	-0	0.0483871	0.0156715	3.08759	3.12283
TTNA	48	0	4.21724	3.69124	-0	0.0483871	0.0131549	3.67826	3.73229
GT	49	0	6.49268	7.97098	3.59763	0.198925	0.0741716	2.68195	2.70656
GTG	50	0	5.4487	5.53049	1.15713	0.0967742	0.0293459	3.29771	3.33918
T	1	0	-2.6476	2.39423	-0	0.188172	0.274839	0.684664	0.683498
T	2	0	-2.6476	2.39423	-0	0.188172	0.274839	0.684664	0.683498
TG	3	0	-2.21017	1.89004	-0	0.0537634	0.103028	0.521832	0.520486
TNNG	4	0	-1.79703	1.3955	-0	0.0376344	0.0716083	0.525559	0.524215
TNNC	5	0	-2.22659	1.95741	-0	0.0215054	0.0603981	0.356061	0.354826
ANNG	6	0	-1.68307	1.26849	-0	0.0268817	0.0550217	0.488565	0.487219
T	7	0	-1.99063	1.58824	-0	0.209677	0.274839	0.762911	0.761934
AC	8	0	-1.83793	1.443	-0	0.016129	0.0436691	0.369347	0.368092
G	9	0	-3.10134	3.07704	-0	0.177419	0.279462	0.63486	0.633609
G	10	0	-2.61114	2.34174	-0	0.193548	0.279462	0.692574	0.691425
G	11	0	-4.24515	5.33984	0.966486	0.139785	0.279462	0.500192	0.498845
GNNG	12	0	-2.73255	2.75305	-0	0.0268817	0.0817891	0.328671	0.327483
T	13	0	-3.96154	4.71214	0.338789	0.145161	0.274839	0.528169	0.526825
GNA	14	0	-2.83336	3.08992	-0	0.0107527	0.0601478	0.178771	0.177981
A	15	0	-2.8482	2.74066	-0	0.11828	0.202151	0.585106	0.583797
TNNA	16	0	-2.6942	2.81418	-0	0.0107527	0.05628	0.191057	0.190225
ANA	17	0	-2.75005	3.02118	-0	0.00537634	0.0488351	0.110092	0.109565
ANA	18	0	-2.40983	2.29699	-0	0.0107527	0.0488351	0.220183	0.219259
A	19	0	-3.94366	4.88813	0.514776	0.0860215	0.202151	0.425532	0.424215
AT	20	0	-2.7737	3.07087	-0	0.00537634	0.0494843	0.108647	0.108126
A	21	0	-3.03077	3.04035	-0	0.112903	0.202151	0.558511	0.557181
T	22	0	-2.81184	2.63002	-0	0.182796	0.274839	0.665102	0.6639
ANC	23	0	-2.59494	2.7064	-0	0.00537634	0.0446909	0.120301	0.119731
ANC	24	0	-2.59494	2.7064	-0	0.00537634	0.0446909	0.120301	0.119731
CNT	25	0	-2.87662	3.17868	-0	0.0107527	0.0613799	0.175182	0.174405
G	26	0	-4.40855	5.73297	1.35961	0.134409	0.279462	0.480954	0.479609
T	27	0	-3.14033	3.14556	-0	0.172043	0.274839	0.625978	0.624715
GNC	28	0	-2.61262	2.60854	-0	0.016129	0.0625	0.258065	0.257034
TNG	29	0	-2.40055	2.22168	-0	0.0215054	0.0648522	0.331606	0.330412
TNNT	30	0	-1.82597	1.42776	-0	0.0430108	0.0791581	0.543353	0.542015
CNC	31	0	-2.15658	1.84747	-0	0.0268817	0.0661962	0.406091	0.404792
CC	32	0	-2.04381	1.6917	-0	0.0322581	0.0706605	0.456522	0.455185
G	33	0	-4.24515	5.33984	0.966486	0.139785	0.279462	0.500192	0.498845
GNC	34	0	-2.61262	2.60854	-0	0.016129	0.0625	0.258065	0.257034
GNG	35	0	-2.47622	2.3052	-0	0.0322581	0.0821013	0.392906	0.391621
GNNT	36	0	-2.37009	2.15678	-0	0.0268817	0.0717227	0.374801	0.373538
GNGG	37	0	-1.69219	1.25641	-0	0.00537634	0.0245939	0.218605	0.217685
GC	38	0	-1.81407	1.41443	-0	0.0322581	0.0650647	0.495784	0.494437
GNNC	39	0	-1.96685	1.59514	-0	0.0322581	0.0687486	0.469218	0.467876
CNC	40	0	-3.04133	3.52967	-0	0.0107527	0.0661962	0.162437	0.161704
TNNG	41	0	-2.36578	2.15024	-0	0.0268817	0.0716083	0.375399	0.374136
CNNC	42	0	-2.04738	1.70105	-0	0.0268817	0.0634866	0.423423	0.422108
TNNA	43	0	-2.37604	2.20628	-0	0.016129	0.05628	0.286585	0.285484
GNNC	44	0	-1.96685	1.59514	-0	0.0322581	0.0687486	0.469218	0.467876
C	45	0	-2.10119	1.71433	-0	0.177419	0.243548	0.728477	0.727409
AG	46	0	-1.8326	1.43558	-0	0.0322581	0.0655036	0.492462	0.491115
C	47	0	-2.61368	2.36242	-0	0.16129	0.243548	0.662252	0.661045
CC	48	0	-2.90221	3.15731	-0	0.016129	0.0706605	0.228261	0.227313
CC	49	0	-3.18834	3.86036	-0	0.0107527	0.0706605	0.152174	0.15148
CNNC	50	0	-3.25021	4.16457	-0	0.00537634	0.0634866	0.0846847	0.0842678
