CNNC	1	0	4.56821	4.69819	0.324841	0.145161	0.0634866	2.28649	2.28649
ACCA	2	0	4.64116	3.58212	-0	0.0215054	0.00297415	7.23077	7.23077
AAA	3	0	3.3029	2.77972	-0	0.0376344	0.0116487	3.23077	3.23077
CCAC	4	0	4.02993	3.17565	-0	0.0215054	0.00366049	5.875	5.875
CGCC	5	0	5.32206	4.0088	-0	0.0215054	0.0024022	8.95238	8.95238
AATT	6	0	4.41762	3.43602	-0	0.0215054	0.00320293	6.71429	6.71429
AGCC	7	0	4.31391	3.36722	-0	0.0215054	0.00331732	6.48276	6.48276
GAAT	8	0	3.94318	3.11622	-0	0.0215054	0.00377488	5.69697	5.69697
CNNT	9	0	3.74752	3.60336	-0	0.139785	0.0697781	2.00328	2.00328
ANNG	10	0	5.3913	5.85349	1.48014	0.145161	0.0550217	2.63825	2.63825
TNGC	11	0	8.06069	8.45005	4.07669	0.0860215	0.0147563	5.82946	5.82946
TG	12	0	7.4378	10.2981	5.9247	0.268817	0.103028	2.60916	2.60916
G	13	0	7.68309	12.9069	8.53357	0.532258	0.279462	1.90458	1.90458
CTNC	14	0	4.35179	4.01777	-0	0.0698925	0.0225349	3.10152	3.10152
TNCT	15	0	4.81017	4.61526	0.241903	0.0806452	0.0252803	3.19005	3.19005
GGCG	16	0	5.84796	4.54328	0.169923	0.0268817	0.00308854	8.7037	8.7037
GCG	17	0	5.22315	4.52467	0.151314	0.0430108	0.00828853	5.18919	5.18919
CC	18	0	3.67885	3.5175	-0	0.139785	0.0706605	1.97826	1.97826
CNNG	19	0	4.26703	4.30921	-0	0.150538	0.0704644	2.13636	2.13636
AGGG	20	0	5.97115	5.16417	0.790814	0.0430108	0.00686342	6.26667	6.26667
GG	21	0	5.37688	6.08279	1.70944	0.188172	0.0807549	2.33016	2.33016
G	22	0	4.25168	4.81889	0.445539	0.419355	0.279462	1.50058	1.50058
GNNT	23	0	4.73413	4.99675	0.623399	0.16129	0.0717227	2.2488	2.2488
GGA	24	0	5.23289	4.96985	0.596496	0.0698925	0.0183692	3.80488	3.80488
GAGG	25	0	5.08304	4.29302	-0	0.0376344	0.00686342	5.48333	5.48333
T	26	0	4.41486	5.10378	0.730423	0.419355	0.274839	1.52582	1.52582
GNGG	27	0	4.46214	4.17956	-0	0.0752688	0.0245939	3.06047	3.06047
GNAG	28	0	3.80934	3.38001	-0	0.0591398	0.0200183	2.95429	2.95429
CTTA	29	0	3.82424	2.94474	-0	0.016129	0.0024022	6.71429	6.71429
TTNC	30	0	4.10116	3.63018	-0	0.0537634	0.0160146	3.35714	3.35714
CACG	31	0	4.56246	3.38139	-0	0.016129	0.00183024	8.8125	8.8125
ACTA	32	0	7.08501	4.99065	0.617297	0.0215054	0.00148707	14.4615	14.4615
CTA	33	0	5.02295	4.34966	-0	0.0430108	0.00873656	4.92308	4.92308
TAG	34	0	4.92791	4.26607	-0	0.0430108	0.00896057	4.8	4.8
CATA	35	0	5.66153	4.21126	-0	0.0215054	0.00217342	9.89474	9.89474
GTGA	36	0	4.53978	3.74786	-0	0.0322581	0.00617708	5.22222	5.22222
TANA	37	0	4.84947	4.19686	-0	0.0430108	0.00915122	4.7	4.7
ATG	38	0	4.41386	3.98995	-0	0.0591398	0.0171371	3.45098	3.45098
CGAA	39	0	5.24212	3.50782	-0	0.0107527	0.000686342	15.6667	15.6667
GTNC	40	0	3.96993	3.50208	-0	0.0537634	0.0165866	3.24138	3.24138
ATAG	41	0	9.98285	6.2901	1.91675	0.0215054	0.000800732	26.8571	26.8571
TNNG	42	0	3.0374	2.73842	-0	0.129032	0.0716083	1.80192	1.80192
GAT	43	0	3.93449	3.42527	-0	0.0483871	0.0142249	3.40157	3.40157
TNAG	44	0	3.59242	3.1041	-0	0.0483871	0.0156715	3.08759	3.08759
TTNA	45	0	4.21724	3.69124	-0	0.0483871	0.0131549	3.67826	3.67826
TNGT	46	0	4.75455	4.39613	0.0227752	0.0645161	0.0180737	3.56962	3.56962
TGT	47	0	6.16805	6.63665	2.2633	0.112903	0.0325941	3.46392	3.46392
GT	48	0	6.49268	7.97098	3.59763	0.198925	0.0741716	2.68195	2.68195
T	49	0	5.40031	7.06364	2.69029	0.451613	0.274839	1.64319	1.64319
T	50	0	2.77242	2.56769	-0	0.365591	0.274839	1.3302	1.3302
T	1	0	-2.6476	2.39423	-0	0.188172	0.274839	0.684664	0.684664
T	2	0	-2.6476	2.39423	-0	0.188172	0.274839	0.684664	0.684664
ANT	3	0	-1.7969	1.39457	-0	0.0268817	0.0575717	0.466926	0.466926
GT	4	0	-1.90155	1.51482	-0	0.0376344	0.0741716	0.507396	0.507396
TNNG	5	0	-1.79703	1.3955	-0	0.0376344	0.0716083	0.525559	0.525559
TNNG	6	0	-2.36578	2.15024	-0	0.0268817	0.0716083	0.375399	0.375399
TNNG	7	0	-2.36578	2.15024	-0	0.0268817	0.0716083	0.375399	0.375399
GNNG	8	0	-2.73255	2.75305	-0	0.0268817	0.0817891	0.328671	0.328671
GNG	9	0	-3.01042	3.31806	-0	0.0215054	0.0821013	0.261937	0.261937
GNNT	10	0	-3.22259	3.93976	-0	0.0107527	0.0717227	0.14992	0.14992
G	11	0	-4.24515	5.33984	0.966486	0.139785	0.279462	0.500192	0.500192
GNA	12	0	-2.83336	3.08992	-0	0.0107527	0.0601478	0.178771	0.178771
T	13	0	-3.96154	4.71214	0.338789	0.145161	0.274839	0.528169	0.528169
A	14	0	-2.66562	2.46179	-0	0.123656	0.202151	0.611702	0.611702
ANA	15	0	-2.75005	3.02118	-0	0.00537634	0.0488351	0.110092	0.110092
ANA	16	0	-2.40983	2.29699	-0	0.0107527	0.0488351	0.220183	0.220183
A	17	0	-2.30047	1.96292	-0	0.134409	0.202151	0.664894	0.664894
AA	18	0	-2.55127	2.62121	-0	0.00537634	0.0435594	0.123426	0.123426
A	19	0	-3.94366	4.88813	0.514776	0.0860215	0.202151	0.425532	0.425532
CA	20	0	-2.67823	2.72743	-0	0.016129	0.0642967	0.250853	0.250853
A	21	0	-3.03077	3.04035	-0	0.112903	0.202151	0.558511	0.558511
ANC	22	0	-2.59494	2.7064	-0	0.00537634	0.0446909	0.120301	0.120301
CNT	23	0	-2.87662	3.17868	-0	0.0107527	0.0613799	0.175182	0.175182
GNG	24	0	-2.47622	2.3052	-0	0.0322581	0.0821013	0.392906	0.392906
AG	25	0	-2.72169	2.80792	-0	0.016129	0.0655036	0.246231	0.246231
G	26	0	-4.40855	5.73297	1.35961	0.134409	0.279462	0.480954	0.480954
T	27	0	-3.14033	3.14556	-0	0.172043	0.274839	0.625978	0.625978
TNNG	28	0	-2.08141	1.74024	-0	0.0322581	0.0716083	0.450479	0.450479
CNC	29	0	-2.15658	1.84747	-0	0.0268817	0.0661962	0.406091	0.406091
CNNG	30	0	-2.32248	2.08515	-0	0.0268817	0.0704644	0.381494	0.381494
ANG	31	0	-2.23453	1.98532	-0	0.016129	0.0527554	0.305732	0.305732
GG	32	0	-2.9658	3.2288	-0	0.0215054	0.0807549	0.266304	0.266304
G	33	0	-4.24515	5.33984	0.966486	0.139785	0.279462	0.500192	0.500192
GNG	34	0	-1.67493	1.26731	-0	0.0483871	0.0821013	0.589359	0.589359
CG	35	0	-1.9558	1.61227	-0	0.00537634	0.0297345	0.180812	0.180812
GNNC	36	0	-1.96685	1.59514	-0	0.0322581	0.0687486	0.469218	0.469218
TNNT	37	0	-1.82597	1.42776	-0	0.0430108	0.0791581	0.543353	0.543353
CNC	38	0	-3.04133	3.52967	-0	0.0107527	0.0661962	0.162437	0.162437
TT	39	0	-2.3714	2.15878	-0	0.0268817	0.0717577	0.374618	0.374618
TNNA	40	0	-2.37604	2.20628	-0	0.016129	0.05628	0.286585	0.286585
G	41	0	-2.28434	1.92115	-0	0.204301	0.279462	0.73105	0.73105
CNNC	42	0	-2.04738	1.70105	-0	0.0268817	0.0634866	0.423423	0.423423
ANA	43	0	-1.72941	1.31673	-0	0.0215054	0.0488351	0.440367	0.440367
CNNC	44	0	-2.34808	2.13974	-0	0.0215054	0.0634866	0.338739	0.338739
CNNC	45	0	-2.64879	2.67369	-0	0.016129	0.0634866	0.254054	0.254054
GNNC	46	0	-3.126	3.71813	-0	0.0107527	0.0687486	0.156406	0.156406
CNNC	47	0	-3.25021	4.16457	-0	0.00537634	0.0634866	0.0846847	0.0846847
CC	48	0	-3.18834	3.86036	-0	0.0107527	0.0706605	0.152174	0.152174
C	49	0	-3.29699	3.45222	-0	0.139785	0.243548	0.573951	0.573951
C	50	0	-3.63865	4.10445	-0	0.129032	0.243548	0.529801	0.529801
