#kmer	position	shift	statistics	p-value	corrected.p
TCTT	-4	0	2.88697	2.71111	-0
CTT	-3	0	2.96579	2.82115	-0
CTGC	-2	0	2.74671	2.52146	-0
TNNA	-1	0	3.89451	4.30804	0.173737
GTA	1	0	3.32259	3.35074	-0
TA	2	0	3.95068	4.40932	0.275016
A	3	0	4.56847	5.60968	1.47538
CTGC	4	0	2.89385	2.72061	-0
AGA	5	0	2.93265	2.77458	-0
TNNA	6	0	2.96152	2.81513	-0
ANNA	7	0	3.52576	3.67543	-0
TA	8	0	3.24755	3.23506	-0
AGAG	9	0	3.8088	4.156	0.0216985
GA	10	0	4.17075	4.81873	0.68443
A	11	0	5.00974	6.56461	2.4303
ATA	12	0	3.79232	4.12712	-0
CNNC	13	0	3.84775	4.22473	0.0904287
ANC	14	0	3.84668	4.22284	0.0885336
AC	15	0	4.81957	6.14308	2.00877
C	16	0	6.01914	9.05714	4.92284
CNNG	17	0	7.81458	14.5595	10.4252
ANG	18	0	6.80662	11.3014	7.16707
AG	19	0	6.18023	9.4948	5.36049
G	20	0	9.84756	22.4545	18.3202
G	21	0	2.64247	2.38562	-0
T	24	0	3.5403	3.69932	-0
CG	25	0	2.25298	1.91614	-0
G	26	0	1.36404	1.0641	-0
CNTG	-4	0	-2.61841	2.35487	-0
GNNT	-3	0	-2.33922	2.01493	-0
CCCA	-2	0	-2.7646	2.54522	-0
GNGG	-1	0	-3.48365	3.60675	-0
CNC	1	0	-3.79259	4.1276	-0
GC	2	0	-3.36016	3.40951	-0
C	3	0	-4.74743	5.98713	1.85283
CGCT	4	0	-2.33998	2.01581	-0
GGGG	5	0	-2.38959	2.07399	-0
CNGG	6	0	-3.63157	3.85124	-0
GNGG	7	0	-3.66613	3.90965	-0
GG	8	0	-5.00203	6.54722	2.41291
GG	9	0	-5.22422	7.05825	2.92395
GNC	10	0	-3.60288	3.80311	-0
GNNG	11	0	-3.18027	3.13331	-0
CNG	12	0	-3.75232	4.05748	-0
CNGG	13	0	-4.15161	4.78233	0.648024
GNG	14	0	-4.52138	5.5126	1.37829
GGG	15	0	-5.6059	7.9847	3.85039
GGNC	16	0	-6.57967	10.6276	6.49325
GGCC	17	0	-6.6721	10.8993	6.76504
GNC	18	0	-8.57691	17.3122	13.1779
TC	19	0	-8.83173	18.2879	14.1536
C	20	0	-10.3675	24.7586	20.6243
T	21	0	-4.76759	6.03048	1.89618
G	24	0	-8.28274	16.2205	12.0862
AA	25	0	-2.27591	1.94212	-0
T	26	0	-1.43015	1.11726	-0
