#kmer	position	shift	statistics	p-value	corrected.p	frac.obs	frac.exp	obs/exp	local.r
GCC	1	0	5.5777	6.44231	1.85546	0.0256024	0.0119967	2.13412	2.13534
C	2	0	5.16044	6.62479	2.03794	0.210843	0.167652	1.25763	1.25779
TNTG	3	0	4.38038	4.66106	0.074202	0.0346386	0.0206736	1.6755	1.67607
C	4	0	4.32073	4.9565	0.369642	0.203815	0.167652	1.21571	1.21584
C	5	0	4.14079	4.6315	0.0446454	0.202309	0.167652	1.20672	1.20685
AGA	6	0	4.65317	5.08459	0.497728	0.0341365	0.019662	1.73617	1.73681
GA	7	0	3.53776	3.56401	-0	0.101908	0.0803594	1.26815	1.26832
AG	8	0	3.03094	2.85106	-0	0.106426	0.0872604	1.21963	1.21977
ATGG	9	0	3.6894	3.46112	-0	0.0135542	0.00677385	2.00096	2.00197
GNGG	10	0	4.3648	4.94237	0.355516	0.123494	0.0948404	1.30212	1.30232
AGGA	11	0	6.33681	7.77164	3.18478	0.0266064	0.011481	2.31743	2.31897
GG	12	0	5.41867	7.23217	2.64531	0.240462	0.192587	1.24859	1.24875
GNG	13	0	7.68496	13.1622	8.57534	0.242972	0.177222	1.37101	1.37126
GGG	14	0	6.7008	9.978	5.39114	0.138052	0.0941973	1.46556	1.46591
G	15	0	8.73125	16	11.4131	0.486948	0.391466	1.24391	1.24406
G	16	0	9.60346	16	11.4131	0.496486	0.391466	1.26827	1.26844
AGG	17	0	7.97982	12.598	8.01113	0.0778112	0.0419627	1.85429	1.85509
G	18	0	9.41983	16	11.4131	0.494478	0.391466	1.26314	1.26331
G	19	0	11.2561	16	11.4131	0.514558	0.391466	1.31444	1.31465
AGG	20	0	10.997	16	11.4131	0.0913655	0.0419627	2.1773	2.17859
G	21	0	12.7709	16	11.4131	0.531124	0.391466	1.35676	1.357
G	22	0	17.132	16	11.4131	0.578815	0.391466	1.47858	1.47894
G	23	0	12.0365	16	11.4131	0.523092	0.391466	1.33624	1.33647
G	24	0	16.9484	16	11.4131	0.576807	0.391466	1.47345	1.47381
G	25	0	18.0501	16	11.4131	0.588855	0.391466	1.50423	1.50461
AGG	26	0	13.4554	16	11.4131	0.10241	0.0419627	2.44049	2.44226
G	27	0	20.9421	16	11.4131	0.620482	0.391466	1.58502	1.58549
G	28	0	21.6307	16	11.4131	0.628012	0.391466	1.60426	1.60474
G	29	0	16.6729	16	11.4131	0.573795	0.391466	1.46576	1.4661
G	30	0	21.3094	16	11.4131	0.624498	0.391466	1.59528	1.59576
G	31	0	19.6109	16	11.4131	0.605924	0.391466	1.54783	1.54826
AGG	32	0	14.7963	16	11.4131	0.108434	0.0419627	2.58405	2.58611
AGGG	33	0	14.5982	16	11.4131	0.0662651	0.0202238	3.2766	3.28035
G	34	0	26.9558	16	11.4131	0.686245	0.391466	1.75301	1.75368
G	35	0	23.1456	16	11.4131	0.644578	0.391466	1.64658	1.64711
AAGG	36	0	15.7436	16	11.4131	0.0376506	0.00740625	5.08363	5.09408
AG	37	0	22.1643	16	11.4131	0.22741	0.0872604	2.6061	2.60821
AGG	38	0	21.9481	16	11.4131	0.140562	0.0419627	3.34969	3.35365
G	39	0	54.6369	16	11.4131	0.988956	0.391466	2.52629	2.52823
G	40	0	54.1778	16	11.4131	0.983936	0.391466	2.51346	2.51538
A	41	0	9.33421	16	11.4131	0.306225	0.219641	1.39421	1.39448
ANA	42	0	7.44888	11.5269	6.94008	0.0963855	0.057525	1.67554	1.67611
CT	43	0	4.79283	5.59244	1.00559	0.0763052	0.0523804	1.45675	1.45709
A	44	0	6.35765	9.56958	4.98272	0.278614	0.219641	1.2685	1.26867
C	45	0	8.45928	15.4775	10.8906	0.238454	0.167652	1.42232	1.42262
TNC	46	0	5.05916	5.99832	1.41146	0.060743	0.0388413	1.56388	1.56432
C	47	0	7.01978	11.1929	6.60604	0.226406	0.167652	1.35045	1.35069
C	48	0	7.37966	12.2134	7.6265	0.229418	0.167652	1.36842	1.36867
TT	49	0	5.94767	7.98361	3.39676	0.0948795	0.0625985	1.51568	1.51608
T	50	0	6.92477	11.1148	6.52797	0.285643	0.221241	1.29109	1.29128
C	51	0	5.64027	7.68933	3.10247	0.214859	0.167652	1.28158	1.28176
C	52	0	6.47997	9.74433	5.15747	0.221888	0.167652	1.3235	1.32372
C	53	0	6.53995	9.90038	5.31352	0.22239	0.167652	1.3265	1.32671
C	54	0	6.53995	9.90038	5.31352	0.22239	0.167652	1.3265	1.32671
TC	55	0	6.91525	9.86376	5.2769	0.0667671	0.0373774	1.7863	1.787
C	56	0	6.9598	11.0271	6.4402	0.225904	0.167652	1.34746	1.34769
T	57	0	6.6009	10.2204	5.6335	0.282631	0.221241	1.27748	1.27765
ANNT	58	0	7.43312	11.3363	6.74948	0.0843373	0.0485448	1.73731	1.73795
ANA	59	0	6.58284	9.38519	4.79834	0.0918675	0.057525	1.597	1.59748
AA	60	0	6.73391	9.74621	5.15935	0.0928715	0.0576928	1.60976	1.61025
A	61	0	6.57413	10.1439	5.55706	0.280622	0.219641	1.27764	1.27782
T	62	0	6.70885	10.5143	5.92747	0.283635	0.221241	1.28201	1.2822
TNT	63	0	6.79641	9.97221	5.38536	0.101908	0.0645016	1.57992	1.58038
TT	64	0	6.87261	10.1386	5.55173	0.0998996	0.0625985	1.59588	1.59636
CNNC	65	0	7.03127	10.095	5.50813	0.064759	0.0355774	1.82023	1.82098
C	66	0	6.83985	10.699	6.11219	0.2249	0.167652	1.34147	1.3417
C	67	0	7.01978	11.1929	6.60604	0.226406	0.167652	1.35045	1.35069
T	68	0	7.46455	12.6891	8.10221	0.290663	0.221241	1.31378	1.31399
T	69	0	7.95036	14.1912	9.6043	0.295181	0.221241	1.3342	1.33443
TT	70	0	7.05759	10.5981	6.01123	0.100904	0.0625985	1.61192	1.61241
T	71	0	7.95036	14.1912	9.6043	0.295181	0.221241	1.3342	1.33443
TNT	72	0	8.43821	14.3525	9.76567	0.110944	0.0645016	1.72002	1.72064
TT	73	0	8.99996	15.9546	11.3677	0.111446	0.0625985	1.78033	1.78102
T	74	0	8.86799	16	11.4131	0.303715	0.221241	1.37278	1.37303
AAAA	75	0	9.51087	13.3635	8.77667	0.0235944	0.00648699	3.63719	3.64201
AAAA	76	0	10.6272	15.6536	11.0667	0.0256024	0.00648699	3.94673	3.95258
AAAA	77	0	10.3481	15.1764	10.5896	0.0251004	0.00648699	3.86935	3.87493
C	78	0	8.3993	15.3525	10.7657	0.237952	0.167652	1.41932	1.41962
AA	79	0	6.06125	8.19498	3.60812	0.0893574	0.0576928	1.54885	1.54928
T	80	0	7.19466	11.889	7.30212	0.288153	0.221241	1.30244	1.30263
GG	1	0	-7.76336	15.6536	11.0667	0.123996	0.192587	0.643845	0.643729
GNNG	2	0	-7.27849	13.9093	9.32241	0.121988	0.185358	0.65812	0.658007
GNG	3	0	-5.34096	7.74045	3.15359	0.131526	0.177222	0.742156	0.74206
GG	4	0	-4.63831	5.97434	1.38749	0.151606	0.192587	0.787211	0.787127
GG	5	0	-5.66105	8.57683	3.98997	0.14257	0.192587	0.740291	0.740195
GANG	6	0	-3.72405	4.38677	-0	0.0230924	0.0393066	0.587494	0.587372
GGAG	7	0	-3.03405	3.1528	-0	0.0125502	0.0226686	0.553638	0.553514
GNGG	8	0	-3.20582	3.27179	-0	0.0737952	0.0948404	0.778099	0.778012
ANGA	9	0	-2.65475	2.52334	-0	0.0130522	0.0217233	0.60084	0.60072
TNAA	10	0	-3.019	3.25745	-0	0.00502008	0.0125502	0.4	0.399879
CC	11	0	-2.94431	2.92168	-0	0.0281125	0.0412282	0.681874	0.681765
CNC	12	0	-3.27293	3.52326	-0	0.0200803	0.0332226	0.604417	0.604297
CNT	13	0	-3.66788	4.27457	-0	0.0225904	0.0383779	0.58863	0.588508
TNC	14	0	-3.75386	4.45409	-0	0.0225904	0.0388413	0.581607	0.581485
CC	15	0	-4.63472	6.602	2.01514	0.0205823	0.0412282	0.499229	0.499104
C	16	0	-5.09596	7.12464	2.53778	0.125	0.167652	0.745593	0.745497
TC	17	0	-4.6605	6.74523	2.15837	0.0175703	0.0373774	0.470078	0.469953
ANNA	18	0	-5.11096	7.73555	3.14869	0.0311245	0.0578613	0.537916	0.537791
TNNA	19	0	-5.13173	7.93619	3.34933	0.0240964	0.0488904	0.492866	0.49274
TNT	20	0	-5.4259	8.61188	4.02503	0.0346386	0.0645016	0.537019	0.536894
TNNT	21	0	-6.16288	11.3174	6.73049	0.0256024	0.0578352	0.442678	0.442555
C	22	0	-7.73503	15.9546	11.3677	0.102912	0.167652	0.613841	0.613722
C	23	0	-7.55509	15.1095	10.5226	0.104418	0.167652	0.622824	0.622706
C	24	0	-7.91497	16	11.4131	0.101406	0.167652	0.604858	0.604738
C	25	0	-8.69469	16	11.4131	0.0948795	0.167652	0.565932	0.565808
C	26	0	-8.3948	16	11.4131	0.0973896	0.167652	0.580904	0.580781
C	27	0	-9.95425	16	11.4131	0.0843373	0.167652	0.50305	0.502925
C	28	0	-10.3741	16	11.4131	0.0808233	0.167652	0.48209	0.481965
TNT	29	0	-7.52376	16	11.4131	0.0230924	0.0645016	0.358012	0.357897
A	30	0	-8.52513	16	11.4131	0.140562	0.219641	0.639963	0.639848
C	31	0	-8.27484	16	11.4131	0.0983936	0.167652	0.586892	0.58677
C	32	0	-8.63472	16	11.4131	0.0953815	0.167652	0.568926	0.568803
ANNT	33	0	-7.26659	16	11.4131	0.0135542	0.0485448	0.27921	0.279109
A	34	0	-9.12044	16	11.4131	0.13504	0.219641	0.614822	0.614703
ANC	35	0	-7.02807	16	11.4131	0.00702811	0.0365951	0.192051	0.191973
AGNA	36	0	-6.63654	16	11.4131	0.000502008	0.0226034	0.0222094	0.0221985
AA	37	0	-8.35292	16	11.4131	0.0140562	0.0576928	0.243639	0.243547
A	38	0	-8.47101	16	11.4131	0.141064	0.219641	0.642249	0.642134
A	39	0	-23.1373	16	11.4131	0.00502008	0.219641	0.0228558	0.0228446
A	40	0	-23.1373	16	11.4131	0.00502008	0.219641	0.0228558	0.0228446
GG	41	0	-10.9452	16	11.4131	0.0958835	0.192587	0.497872	0.497746
GG	42	0	-9.52475	16	11.4131	0.108434	0.192587	0.563038	0.562915
GG	43	0	-12.1384	16	11.4131	0.0853414	0.192587	0.443132	0.443008
G	44	0	-10.595	16	11.4131	0.275602	0.391466	0.704027	0.703922
GGG	45	0	-9.86731	16	11.4131	0.0296185	0.0941973	0.31443	0.314322
GG	46	0	-10.6043	16	11.4131	0.0988956	0.192587	0.513512	0.513386
G	47	0	-9.99825	16	11.4131	0.282129	0.391466	0.720698	0.720597
G	48	0	-11.3754	16	11.4131	0.267068	0.391466	0.682226	0.682117
G	49	0	-9.35557	16	11.4131	0.289157	0.391466	0.738651	0.738554
G	50	0	-13.4871	16	11.4131	0.243976	0.391466	0.623237	0.623119
G	51	0	-11.1459	16	11.4131	0.269578	0.391466	0.688638	0.68853
G	52	0	-10.2278	16	11.4131	0.279618	0.391466	0.714286	0.714183
G	53	0	-14.6806	16	11.4131	0.230924	0.391466	0.589895	0.589773
G	54	0	-11.1918	16	11.4131	0.269076	0.391466	0.687356	0.687248
G	55	0	-12.3853	16	11.4131	0.256024	0.391466	0.654014	0.6539
G	56	0	-12.9821	16	11.4131	0.249498	0.391466	0.637343	0.637227
G	57	0	-12.4312	16	11.4131	0.255522	0.391466	0.652732	0.652618
G	58	0	-12.6608	16	11.4131	0.253012	0.391466	0.64632	0.646205
G	59	0	-13.3953	16	11.4131	0.24498	0.391466	0.625801	0.625684
G	60	0	-12.9362	16	11.4131	0.25	0.391466	0.638625	0.638509
G	61	0	-13.6707	16	11.4131	0.241968	0.391466	0.618107	0.617989
G	62	0	-14.5429	16	11.4131	0.23243	0.391466	0.593742	0.593621
G	63	0	-11.8804	16	11.4131	0.261546	0.391466	0.66812	0.668009
G	64	0	-12.9362	16	11.4131	0.25	0.391466	0.638625	0.638509
G	65	0	-14.9561	16	11.4131	0.227912	0.391466	0.582201	0.582078
G	66	0	-13.7625	16	11.4131	0.240964	0.391466	0.615542	0.615424
G	67	0	-13.4871	16	11.4131	0.243976	0.391466	0.623237	0.623119
G	68	0	-15.3692	16	11.4131	0.223394	0.391466	0.570659	0.570536
G	69	0	-13.4412	16	11.4131	0.244478	0.391466	0.624519	0.624401
G	70	0	-12.4312	16	11.4131	0.255522	0.391466	0.652732	0.652618
G	71	0	-14.5429	16	11.4131	0.23243	0.391466	0.593742	0.593621
G	72	0	-12.5231	16	11.4131	0.254518	0.391466	0.650167	0.650052
G	73	0	-13.533	16	11.4131	0.243474	0.391466	0.621954	0.621836
G	74	0	-14.8183	16	11.4131	0.229418	0.391466	0.586048	0.585926
G	75	0	-12.7985	16	11.4131	0.251506	0.391466	0.642472	0.642357
G	76	0	-13.8543	16	11.4131	0.23996	0.391466	0.612978	0.612859
G	77	0	-16.425	16	11.4131	0.211847	0.391466	0.541164	0.54104
G	78	0	-13.8084	16	11.4131	0.240462	0.391466	0.61426	0.614141
G	79	0	-13.4871	16	11.4131	0.243976	0.391466	0.623237	0.623119
G	80	0	-14.8642	16	11.4131	0.228916	0.391466	0.584765	0.584643
