#kmer	position	shift	statistics	p-value	corrected.p	frac.obs	frac.exp	obs/exp	local.r
CCAG	1	0	4.24913	3.51709	-0	0.0322581	0.00674903	4.77966	4.87935
CACT	2	0	3.94791	3.20319	-0	0.0268817	0.00549073	4.89583	5.00115
A	3	0	3.04563	2.89377	-0	0.317204	0.224086	1.41555	1.41873
GTCA	4	0	4.75813	3.79818	-0	0.0268817	0.00423244	6.35135	6.54054
TNAT	5	0	4.0626	3.54579	-0	0.0483871	0.0137268	3.525	3.57378
AATT	6	0	4.88975	3.74111	-0	0.0215054	0.00274537	7.83333	8.13377
AT	7	0	4.4567	4.45661	0.0832591	0.123656	0.0514593	2.40299	2.42135
TACA	8	0	4.12042	3.2372	-0	0.0215054	0.0035461	6.06452	6.23521
CACG	9	0	4.76201	3.65988	-0	0.0215054	0.00285976	7.52	7.79471
ACG	10	0	3.56016	2.90792	-0	0.0268817	0.0062724	4.28571	4.36321
GGNT	11	0	3.59242	3.1041	-0	0.0483871	0.0156715	3.08759	3.12283
GGCC	12	0	4.2107	3.39969	-0	0.0268817	0.00503317	5.34091	5.46924
GGNT	13	0	3.59242	3.1041	-0	0.0483871	0.0156715	3.08759	3.12283
TAG	14	0	3.48576	2.89731	-0	0.0322581	0.00862455	3.74026	3.79649
AGT	15	0	4.95002	4.53311	0.159755	0.0591398	0.015009	3.9403	4.00394
GT	16	0	3.92603	3.78329	-0	0.123656	0.0569454	2.17148	2.18532
ANGG	17	0	4.54404	4.12187	-0	0.0591398	0.0165866	3.56552	3.61566
GACT	18	0	3.5937	2.80097	-0	0.016129	0.00263098	6.13043	6.30529
GGTT	19	0	5.7153	4.45612	0.0827621	0.0268817	0.00320293	8.39286	8.74221
CTCT	20	0	3.76924	3.06786	-0	0.0268817	0.00583391	4.60784	4.69949
CTAT	21	0	3.95111	3.02235	-0	0.016129	0.00228781	7.05	7.28835
AATA	22	0	4.23319	3.19109	-0	0.016129	0.00205903	7.83333	8.13377
ATA	23	0	4.66067	4.02949	-0	0.0430108	0.00963262	4.46512	4.55035
GT	24	0	3.60962	3.38388	-0	0.11828	0.0569454	2.07707	2.08923
ANNG	25	0	5.16962	5.59852	1.22517	0.155914	0.0634866	2.45586	2.47534
CANA	26	0	4.17947	3.75273	-0	0.0591398	0.0181881	3.25157	3.29163
TNAG	27	0	5.8049	5.49312	1.11976	0.0645161	0.0141844	4.54839	4.63733
GAG	28	0	7.06737	7.31343	2.94007	0.0860215	0.0176971	4.86076	4.96436
AG	29	0	6.35579	7.6115	3.23814	0.182796	0.0666008	2.74465	2.77078
G	30	0	6.34363	9.13119	4.75783	0.456989	0.254409	1.79628	1.80405
TGTC	31	0	5.59413	4.55233	0.178972	0.0322581	0.00457561	7.05	7.28835
AGAG	32	0	5.68848	4.62157	0.248221	0.0322581	0.00446122	7.23077	7.48279
GNCC	33	0	4.15499	3.728	-0	0.0591398	0.0183024	3.23125	3.2707
ANCC	34	0	2.93295	2.47819	-0	0.0430108	0.0160146	2.68571	2.71041
GTGC	35	0	3.82722	3.11192	-0	0.0268817	0.00571951	4.7	4.79592
CNTA	36	0	4.07945	3.44904	-0	0.0376344	0.00915122	4.1125	4.18287
TGAC	37	0	4.21497	3.301	-0	0.0215054	0.00343171	6.26667	6.4503
CTT	38	0	3.35168	2.87936	-0	0.0483871	0.0168011	2.88	2.90957
TNNC	39	0	3.75217	3.58317	-0	0.129032	0.0624571	2.06593	2.07791
ANNC	40	0	3.3909	3.11596	-0	0.112903	0.0558225	2.02254	2.03378
CATC	41	0	3.94071	3.26872	-0	0.0322581	0.00743537	4.33846	4.41819
CNNC	42	0	7.77064	10.792	6.4186	0.252688	0.0897964	2.81401	2.84188
CNNC	43	0	7.77064	10.792	6.4186	0.252688	0.0897964	2.81401	2.84188
TCG	44	0	5.65488	5.02315	0.649793	0.0483871	0.00907258	5.33333	5.46125
CG	45	0	5.86619	6.23593	1.86257	0.112903	0.0344525	3.27707	3.31791
GCCG	46	0	5.48583	4.10731	-0	0.0215054	0.00228781	9.4	9.84711
TGCG	47	0	4.74951	3.48634	-0	0.016129	0.00171585	9.4	9.84711
GG	48	0	4.06783	4.04345	-0	0.150538	0.0729647	2.06316	2.07508
GA	49	0	2.97331	2.63416	-0	0.102151	0.0532148	1.91959	1.92918
A	50	0	0.935494	0.814941	-0	0.252688	0.224086	1.12764	1.12842
CT	1	0	-2.11669	1.78133	-0	0.0376344	0.0796577	0.472452	0.471108
TNNC	2	0	-2.30803	2.07849	-0	0.0215054	0.0624571	0.344322	0.343106
CNG	3	0	-3.18128	3.74496	-0	0.016129	0.0790771	0.203966	0.203092
TC	4	0	-2.59621	2.54446	-0	0.0215054	0.0701119	0.306729	0.305584
G	5	0	-2.57921	2.30934	-0	0.172043	0.254409	0.676247	0.675065
TNC	6	0	-2.00406	1.64137	-0	0.0322581	0.0696685	0.463022	0.461682
TC	7	0	-2.30905	2.06521	-0	0.0268817	0.0701119	0.383412	0.382138
C	8	0	-2.16394	1.78029	-0	0.204301	0.275161	0.742478	0.741445
CNA	9	0	-1.62026	1.20236	-0	0.0268817	0.0536514	0.501044	0.499696
CNNC	10	0	-2.74483	2.74853	-0	0.0322581	0.0897964	0.359236	0.357996
ANC	11	0	-1.6941	1.28257	-0	0.0322581	0.062276	0.517986	0.51664
CAG	12	0	-1.84775	1.45972	-0	0.00537634	0.0275538	0.195122	0.194277
CNNC	13	0	-2.23188	1.92928	-0	0.0430108	0.0897964	0.478981	0.477636
ANC	14	0	-2.60436	2.5938	-0	0.016129	0.062276	0.258993	0.25796
GNC	15	0	-2.58008	2.51683	-0	0.0215054	0.0696685	0.308682	0.307532
C	16	0	-3.14904	3.15974	-0	0.172043	0.275161	0.625244	0.62398
C	17	0	-2.32812	1.97556	-0	0.198925	0.275161	0.722939	0.721858
TNNA	18	0	-1.8552	1.46231	-0	0.0268817	0.058911	0.456311	0.454974
GC	19	0	-1.79867	1.39732	-0	0.0376344	0.071648	0.525268	0.523924
CG	20	0	-2.17418	1.94919	-0	0.00537634	0.0344525	0.156051	0.155342
GNG	21	0	-2.45571	2.30993	-0	0.0215054	0.0663082	0.324324	0.323144
GC	22	0	-2.08297	1.74228	-0	0.0322581	0.071648	0.45023	0.448896
C	23	0	-3.14904	3.15974	-0	0.172043	0.275161	0.625244	0.62398
A	24	0	-2.22971	1.86899	-0	0.155914	0.224086	0.695777	0.694635
CG	25	0	-2.17418	1.94919	-0	0.00537634	0.0344525	0.156051	0.155342
GNNG	26	0	-2.68204	2.73441	-0	0.016129	0.0644017	0.250444	0.249433
CNG	27	0	-2.36615	2.13743	-0	0.0322581	0.0790771	0.407932	0.406631
CNA	28	0	-2.27107	2.04098	-0	0.016129	0.0536514	0.300626	0.299494
G	29	0	-2.91592	2.80218	-0	0.16129	0.254409	0.633981	0.63273
T	30	0	-3.03245	2.99508	-0	0.150538	0.246344	0.611087	0.609805
CNNC	31	0	-2.48835	2.31006	-0	0.0376344	0.0897964	0.419108	0.417796
TNC	32	0	-2.29207	2.0402	-0	0.0268817	0.0696685	0.385852	0.384575
CNNA	33	0	-1.90055	1.51848	-0	0.0215054	0.0526195	0.408696	0.407394
TNT	34	0	-2.24454	1.97118	-0	0.0268817	0.0684364	0.392799	0.391514
CA	35	0	-2.51444	2.36533	-0	0.0322581	0.0831688	0.387863	0.386584
TNT	36	0	-2.53493	2.44045	-0	0.0215054	0.0684364	0.314239	0.313078
TNC	37	0	-2.00406	1.64137	-0	0.0322581	0.0696685	0.463022	0.461682
AG	38	0	-2.4667	2.32776	-0	0.0215054	0.0666008	0.3229	0.321722
G	39	0	-2.41085	2.08581	-0	0.177419	0.254409	0.69738	0.696241
GNNG	40	0	-1.78591	1.38269	-0	0.0322581	0.0644017	0.500888	0.49954
GG	41	0	-2.41653	2.22814	-0	0.0268817	0.0729647	0.368421	0.367168
GG	42	0	-2.98039	3.31613	-0	0.016129	0.0729647	0.221053	0.220126
GG	43	0	-3.26232	4.03294	-0	0.0107527	0.0729647	0.147368	0.146692
GNT	44	0	-2.65095	2.7315	-0	0.0107527	0.0551075	0.195122	0.194277
GG	45	0	-3.54424	4.92587	0.552512	0.00537634	0.0729647	0.0736842	0.0733171
TNNC	46	0	-3.21706	4.08284	-0	0.00537634	0.0624571	0.0860806	0.0856574
TA	47	0	-1.93673	1.57373	-0	0.0107527	0.0378539	0.284058	0.282963
GT	48	0	-2.0857	1.75881	-0	0.0215054	0.0569454	0.377649	0.376383
TG	49	0	-1.90227	1.51453	-0	0.0430108	0.081084	0.530447	0.529104
T	50	0	-0.650054	0.53839	-0	0.225806	0.246344	0.91663	0.916217
