CAGT	1	0	4.0981	3.31588	-0	0.0268817	0.00522273	5.14706	5.14706
AGT	2	0	5.27335	4.85942	0.613311	0.0591398	0.0138889	4.25806	4.25806
GT	3	0	4.48879	4.49819	0.252081	0.123656	0.0511479	2.41761	2.41761
ANGG	4	0	4.69518	4.27506	0.0289598	0.0591398	0.0159754	3.70192	3.70192
GACT	5	0	3.47096	2.72302	-0	0.016129	0.00276498	5.83333	5.83333
GGTT	6	0	6.2637	4.81012	0.564019	0.0268817	0.00276498	9.72222	9.72222
ATGT	7	0	5.04911	3.84108	-0	0.0215054	0.00261137	8.23529	8.23529
CTAT	8	0	4.31734	3.2404	-0	0.016129	0.00199693	8.07692	8.07692
AATA	9	0	4.31734	3.2404	-0	0.016129	0.00199693	8.07692	8.07692
ATA	10	0	5.12129	4.43581	0.189706	0.0430108	0.00851254	5.05263	5.05263
GT	11	0	4.15595	4.05134	-0	0.11828	0.0511479	2.3125	2.3125
ANNG	12	0	5.59517	6.22415	1.97804	0.155914	0.0591398	2.63636	2.63636
CANA	13	0	4.65651	4.23587	-0	0.0591398	0.016129	3.66667	3.66667
TNAG	14	0	5.92082	5.61299	1.36689	0.0645161	0.0138249	4.66667	4.66667
GAG	15	0	6.50531	6.65758	2.41147	0.0860215	0.0197133	4.36364	4.36364
AG	16	0	6.17672	7.32155	3.07544	0.182796	0.0684394	2.67091	2.67091
G	17	0	6.28874	9.00655	4.76044	0.456989	0.255801	1.7865	1.7865
TGTC	18	0	5.69397	4.62559	0.379487	0.0322581	0.00445469	7.24138	7.24138
AGAG	19	0	5.11536	4.19381	-0	0.0322581	0.00522273	6.17647	6.17647
GNCC	20	0	4.06303	3.63515	-0	0.0591398	0.0187404	3.15574	3.15574
CTAA	21	0	2.83272	2.28886	-0	0.0107527	0.00184332	5.83333	5.83333
ACAT	22	0	4.13101	3.24437	-0	0.0215054	0.00353303	6.08696	6.08696
CNTA	23	0	4.6794	3.95784	-0	0.0376344	0.00768049	4.9	4.9
TGAC	24	0	3.8952	3.08316	-0	0.0215054	0.00384025	5.6	5.6
ACGT	25	0	4.02709	2.9459	-0	0.0107527	0.00107527	10	10
TNNC	26	0	3.63182	3.43577	-0	0.129032	0.0639017	2.01923	2.01923
ANNC	27	0	3.45084	3.18511	-0	0.112903	0.0551459	2.04735	2.04735
CGAC	28	0	4.31734	3.2404	-0	0.016129	0.00199693	8.07692	8.07692
CNNC	29	0	7.02387	9.35914	5.11303	0.252688	0.0989247	2.55435	2.55435
CNNC	30	0	7.02387	9.35914	5.11303	0.252688	0.0989247	2.55435	2.55435
TCG	31	0	5.63802	5.00789	0.761787	0.0483871	0.00910992	5.31148	5.31148
CG	32	0	5.62469	5.91664	1.67053	0.112903	0.036036	3.13306	3.13306
GCCG	33	0	4.54256	3.51804	-0	0.0215054	0.0030722	7	7
TGCG	34	0	4.31734	3.2404	-0	0.016129	0.00199693	8.07692	8.07692
GG	35	0	3.96827	3.91258	-0	0.150538	0.0742517	2.0274	2.0274
GA	36	0	2.83909	2.4919	-0	0.102151	0.0547806	1.86472	1.86472
AA	37	0	1.74369	1.45457	-0	0.0752688	0.0479512	1.5697	1.5697
A	38	0	0.468084	0.545357	-0	0.231183	0.217035	1.06519	1.06519
ANC	1	0	-2.66995	2.71224	-0	0.016129	0.0640681	0.251748	0.251748
GNC	2	0	-2.69544	2.71857	-0	0.0215054	0.0728793	0.295082	0.295082
C	3	0	-3.33957	3.47909	-0	0.172043	0.282258	0.609524	0.609524
C	4	0	-2.52504	2.22463	-0	0.198925	0.282258	0.704762	0.704762
CNNG	5	0	-1.79595	1.3943	-0	0.0376344	0.0715822	0.525751	0.525751
GC	6	0	-1.95126	1.57388	-0	0.0376344	0.0754141	0.499037	0.499037
CG	7	0	-2.2435	2.06415	-0	0.00537634	0.036036	0.149194	0.149194
GNG	8	0	-2.54455	2.4566	-0	0.0215054	0.0686977	0.313043	0.313043
GC	9	0	-2.22894	1.93946	-0	0.0322581	0.0754141	0.427746	0.427746
C	10	0	-3.33957	3.47909	-0	0.172043	0.282258	0.609524	0.609524
A	11	0	-2.02212	1.62988	-0	0.155914	0.217035	0.718383	0.718383
CG	12	0	-2.2435	2.06415	-0	0.00537634	0.036036	0.149194	0.149194
GNNG	13	0	-2.79023	2.93774	-0	0.016129	0.0674347	0.23918	0.23918
CNG	14	0	-2.48829	2.32408	-0	0.0322581	0.0824373	0.391304	0.391304
AG	15	0	-2.24465	1.97135	-0	0.0268817	0.0684394	0.392781	0.392781
G	16	0	-2.95421	2.86108	-0	0.16129	0.255801	0.630531	0.630531
T	17	0	-2.99285	2.93213	-0	0.150538	0.244907	0.614674	0.614674
CNNC	18	0	-2.79973	2.82169	-0	0.0376344	0.0989247	0.380435	0.380435
TNC	19	0	-2.39665	2.19741	-0	0.0268817	0.0724313	0.371134	0.371134
CNT	20	0	-1.87953	1.48914	-0	0.0376344	0.073626	0.511156	0.511156
TNT	21	0	-2.22565	1.94418	-0	0.0268817	0.067951	0.395604	0.395604
CA	22	0	-2.38641	2.16771	-0	0.0322581	0.079628	0.405109	0.405109
TNT	23	0	-2.517	2.41052	-0	0.0215054	0.067951	0.316484	0.316484
TNC	24	0	-2.11377	1.78274	-0	0.0322581	0.0724313	0.445361	0.445361
AG	25	0	-2.53504	2.44063	-0	0.0215054	0.0684394	0.314225	0.314225
G	26	0	-2.45005	2.13602	-0	0.177419	0.255801	0.693584	0.693584
GNNG	27	0	-1.91306	1.52987	-0	0.0322581	0.0674347	0.47836	0.47836
GG	28	0	-2.46411	2.30278	-0	0.0268817	0.0742517	0.362035	0.362035
GG	29	0	-3.02345	3.40553	-0	0.016129	0.0742517	0.217221	0.217221
GG	30	0	-3.30311	4.12987	-0	0.0107527	0.0742517	0.144814	0.144814
GNT	31	0	-2.57813	2.59556	-0	0.0107527	0.0531661	0.202247	0.202247
GG	32	0	-3.58278	5.03041	0.784306	0.00537634	0.0742517	0.072407	0.072407
TNNC	33	0	-3.2635	4.19758	-0	0.00537634	0.0639017	0.0841346	0.0841346
TA	34	0	-1.80031	1.39651	-0	0.0107527	0.0350189	0.307054	0.307054
GT	35	0	-1.8351	1.43903	-0	0.0215054	0.0511479	0.420455	0.420455
TG	36	0	-1.77474	1.37141	-0	0.0430108	0.0778843	0.552239	0.552239
TG	37	0	-1.77474	1.37141	-0	0.0430108	0.0778843	0.552239	0.552239
T	38	0	-0.60575	0.515496	-0	0.225806	0.244907	0.92201	0.92201
