#kmer	position	shift	statistics	p-value	corrected.p	frac.obs	frac.exp	obs/exp	local.r
RH	1	0	3.56059	2.97408	-0	0.0594059	0.0155587	3.81818	3.92891
Y	2	0	1.85624	1.5612	-0	0.118812	0.0712871	1.66667	1.67785
GAD	3	0	4.71038	3.27837	-0	0.019802	0.00152323	13	14.7727
AAG	4	0	3.32947	2.55501	-0	0.00990099	0.000761615	13	14.7727
ADA	5	0	3.32947	2.55501	-0	0.00990099	0.000761615	13	14.7727
AS	6	0	3.22183	2.56777	-0	0.029703	0.00565771	5.25	5.48303
V	7	0	1.59265	1.33184	-0	0.207921	0.151155	1.37555	1.38073
TA	9	0	2.7539	2.24466	-0	0.019802	0.00353607	5.6	5.87002
TT	10	0	1.69914	1.70369	-0	0.00990099	0.00212164	4.66667	4.84429
G	11	0	0.714946	0.756573	-0	0.0792079	0.0620462	1.2766	1.28014
AMD	12	0	4.86104	3.55613	-0	0.029703	0.00304646	9.75	10.6849
HK	13	0	5.00061	4.3636	-0	0.0792079	0.0162659	4.86957	5.06558
GY	14	0	3.86168	2.8656	-0	0.019802	0.00212164	9.33333	10.1818
M	15	0	1.39703	1.19012	-0	0.128713	0.0891089	1.44444	1.45089
CT	1	0	-0.267356	1.1614	-0	0	0.000707214	0	0
CT	2	0	-0.267356	1.1614	-0	0	0.000707214	0	0
CT	3	0	-0.267356	1.1614	-0	0	0.000707214	0	0
CT	4	0	-0.267356	1.1614	-0	0	0.000707214	0	0
CT	5	0	-0.267356	1.1614	-0	0	0.000707214	0	0
Y	6	0	-2.01093	1.65843	-0	0.019802	0.0712871	0.277778	0.275786
NN	7	0	-2.00257	1.70796	-0	0	0.0381895	0	0
N	8	0	-5.0042	9.71559	3.16855	0	0.19868	0	0
CT	9	0	-0.267356	1.1614	-0	0	0.000707214	0	0
DV	10	0	-1.64738	1.16306	-0	0	0.0261669	0	0
NN	11	0	-2.00257	1.70796	-0	0	0.0381895	0	0
GT	12	0	-0.267356	1.1614	-0	0	0.000707214	0	0
G	13	0	-1.75987	1.33576	-0	0.019802	0.0620462	0.319149	0.316991
CT	14	0	-0.267356	1.1614	-0	0	0.000707214	0	0
G	15	0	-1.75987	1.33576	-0	0.019802	0.0620462	0.319149	0.316991
