TAAT	1	0	4.71878	3.27764	-0	0.0107527	0.000824111	13.0476	5.33333
CCCG	2	0	5.14564	4.07066	-0	0.0268817	0.00376737	7.13542	6.08696
ATAT	3	0	4.01044	3.05828	-0	0.016129	0.00223687	7.21053	4
TTAA	4	0	6.75227	4.47975	0.0230235	0.016129	0.000941841	17.125	9.33333
CTGT	5	0	3.98902	3.23414	-0	0.0268817	0.00541559	4.96377	2.71845
CNCC	6	0	4.03643	3.64596	-0	0.0645161	0.0215446	2.99454	3.2
ACCA	7	0	4.03835	3.1814	-0	0.0215054	0.00364964	5.89247	7.72414
TTT	8	0	4.24147	3.71403	-0	0.0483871	0.013068	3.7027	2.31081
CAGA	9	0	3.57508	2.91939	-0	0.0268817	0.0062397	4.30818	4.66667
CGCC	10	0	3.78047	3.00361	-0	0.0215054	0.00400283	5.37255	9.33333
AATT	11	0	4.67316	3.6028	-0	0.0215054	0.00294325	7.30667	7
TANT	12	0	3.13743	2.58038	-0	0.0268817	0.00729927	3.6828	2.61682
GAAT	13	0	4.33246	3.37958	-0	0.0215054	0.00329644	6.52381	6.22222
CNNT	14	0	4.556	4.65898	0.202248	0.139785	0.0602778	2.31901	2.17313
ANTG	15	0	6.36714	6.29744	1.84071	0.0752688	0.0162468	4.63285	4
TTG	16	0	7.48778	7.79847	3.34174	0.0860215	0.0163645	5.25659	3.89744
TG	17	0	8.53719	12.5028	8.04607	0.268817	0.0898281	2.99257	2.75142
G	18	0	7.14638	11.4868	7.03006	0.532258	0.293619	1.81275	1.97198
CTA	19	0	6.3425	5.08863	0.631902	0.0322581	0.00376737	8.5625	3.97674
TNCT	20	0	5.18225	5.04127	0.584536	0.0806452	0.0233106	3.4596	3.23077
TTAG	21	0	6.31712	4.28255	-0	0.016129	0.00105957	15.2222	8.84211
TGTT	22	0	4.93332	3.76859	-0	0.0215054	0.00270779	7.94203	2.60465
GTTC	23	0	4.67316	3.6028	-0	0.0215054	0.00294325	7.30667	5.74359
CNNG	24	0	3.60041	3.44118	-0	0.150538	0.0792324	1.89995	2.21157
AGGG	25	0	6.70662	5.76795	1.31122	0.0430108	0.00576878	7.45578	7.59322
GGG	26	0	5.6682	5.67127	1.21454	0.0860215	0.0233106	3.69024	3.88085
G	27	0	3.63903	3.81574	-0	0.419355	0.297386	1.41013	1.54274
GNNT	28	0	5.95967	6.81292	2.35619	0.16129	0.0586296	2.751	2.31724
TNT	29	0	5.23608	5.63149	1.17476	0.145161	0.0565105	2.56875	1.71
GT	30	0	4.83062	5.06022	0.60349	0.145161	0.060631	2.39417	2.088
T	31	0	6.19879	8.64211	4.18538	0.419355	0.228514	1.83514	1.5443
GNGG	32	0	3.86949	3.53111	-0	0.0752688	0.0282552	2.66389	3.37931
ATA	33	0	4.19297	3.38653	-0	0.0268817	0.0050624	5.31008	3
CTTA	34	0	6.75227	4.47975	0.0230235	0.016129	0.000941841	17.125	7
TTNC	35	0	4.99663	4.50397	0.0472402	0.0537634	0.0127149	4.2284	3.37349
TAT	36	0	4.9134	4.03912	-0	0.0322581	0.00553332	5.82979	2.78049
ACTA	37	0	9.14261	5.94686	1.49013	0.0215054	0.000941841	22.8333	18.6667
CTAG	38	0	9.14261	5.94686	1.49013	0.0215054	0.000941841	22.8333	11.2
TAG	39	0	5.30063	4.59199	0.135262	0.0430108	0.00812338	5.29469	5.49398
CATA	40	0	5.5625	4.15289	-0	0.0215054	0.00223687	9.61403	10.6667
GTGA	41	0	7.38023	5.78337	1.32664	0.0322581	0.00294325	10.96	5.01493
TANA	42	0	5.19079	4.49648	0.0397476	0.0430108	0.00835884	5.14554	4.52525
ATGT	43	0	5.77824	4.68702	0.230294	0.0322581	0.00435602	7.40541	6.72
TNTA	44	0	5.43739	4.58153	0.124802	0.0376344	0.0062397	6.03145	3.0625
CTA	45	0	4.7016	3.87479	-0	0.0322581	0.00588651	5.48	3.97674
ATAG	46	0	5.5625	4.15289	-0	0.0215054	0.00223687	9.61403	37.3333
TNNG	47	0	3.99187	3.88222	-0	0.129032	0.0596892	2.16174	1.86926
TGTG	48	0	5.39778	4.40672	-0	0.0322581	0.00482694	6.68293	2.73171
ATTT	49	0	5.22695	3.95086	-0	0.0215054	0.00247233	8.69841	6.05405
GTGT	50	0	6.74388	5.36402	0.907292	0.0322581	0.00341417	9.44828	3.73333
TTGT	51	0	7.68617	6.26795	1.81122	0.0376344	0.00364964	10.3118	5.52113
TGT	52	0	9.64472	11.1865	6.7298	0.112903	0.0182482	6.1871	3.76415
GT	53	0	8.18809	10.8971	6.44033	0.198925	0.0582764	3.41347	2.9
T	54	0	7.18511	11.0796	6.6229	0.451613	0.229927	1.96416	1.66644
TNTA	55	0	6.06381	5.24166	0.784928	0.0430108	0.00671062	6.40936	3.52756
TTA	56	0	6.44969	5.56	1.10327	0.0430108	0.00612197	7.02564	4.90323
TA	57	0	6.00224	6.14368	1.68695	0.0913979	0.024017	3.80556	2.48363
ANT	58	0	5.00681	5.14533	0.688601	0.11828	0.0434424	2.72267	2.10403
T	59	0	4.33319	4.86479	0.408061	0.360215	0.227101	1.58614	1.32163
T	60	0	2.83031	2.62178	-0	0.322581	0.234636	1.37481	1.18079
AT	1	0	-2.35393	2.20262	-0	0.0107527	0.0474453	0.226634	0.208633
TNTC	2	0	-1.68695	1.22656	-0	0	0.0150695	0	0
CNA	3	0	-1.96726	1.60755	-0	0.016129	0.0465034	0.346835	0.380846
TGNC	4	0	-2.11239	1.91503	-0	0	0.0234283	0	0
CNT	5	0	-2.69467	2.75771	-0	0.016129	0.0647516	0.249091	0.266771
ANCA	6	0	-1.90766	1.56521	-0	0	0.01919	0	0
TNNC	7	0	-2.04777	1.70768	-0	0.0215054	0.0560396	0.383754	0.345146
TC	8	0	-1.92861	1.54855	-0	0.0322581	0.0678126	0.475694	0.505814
GNNG	9	0	-1.97215	1.59515	-0	0.0483871	0.0897104	0.53937	0.599287
GGC	10	0	-1.90064	1.53322	-0	0.00537634	0.0286084	0.187929	0.256757
CNG	11	0	-1.99046	1.61911	-0	0.0430108	0.083353	0.516008	0.541568
ANG	12	0	-2.10824	1.78169	-0	0.0268817	0.064987	0.413647	0.51167
GNNG	13	0	-3.29357	3.85595	-0	0.0268817	0.0990111	0.271502	0.331361
GNNG	14	0	-3.29357	3.85595	-0	0.0268817	0.0990111	0.271502	0.331361
GG	15	0	-3.25712	3.77762	-0	0.0268817	0.0978338	0.274769	0.341981
G	16	0	-4.74677	6.52149	2.06476	0.139785	0.299152	0.46727	0.505437
GNA	17	0	-3.11457	3.69238	-0	0.0107527	0.0684012	0.1572	0.176198
CA	18	0	-2.98924	3.33439	-0	0.016129	0.0732282	0.220257	0.251445
A	19	0	-2.59335	2.3585	-0	0.123656	0.19967	0.6193	0.594915
A	20	0	-2.93211	2.87261	-0	0.11828	0.205086	0.576732	0.568799
AGG	21	0	-2.19779	2.07099	-0	0	0.025312	0	0
A	22	0	-2.363	2.04218	-0	0.134409	0.204262	0.658021	0.647214
GA	23	0	-2.50751	2.39476	-0	0.0215054	0.0676948	0.317681	0.353659
A	24	0	-3.96228	4.92981	0.473081	0.0860215	0.202849	0.424067	0.412587
CA	25	0	-2.96944	3.29362	-0	0.016129	0.0726395	0.222042	0.251445
ANC	26	0	-2.87767	3.29445	-0	0.00537634	0.0523899	0.102622	0.118503
ANC	27	0	-3.05599	3.69758	-0	0.00537634	0.05757	0.0933879	0.118503
CNT	28	0	-3.0006	3.44096	-0	0.0107527	0.064987	0.165459	0.17757
GNG	29	0	-2.45345	2.26983	-0	0.0322581	0.0814693	0.395954	0.403778
AG	30	0	-3.12154	3.61433	-0	0.016129	0.077231	0.208841	0.244039
G	31	0	-4.94232	7.046	2.58927	0.134409	0.300565	0.447186	0.485837
CNGC	32	0	-2.22387	2.11979	-0	0	0.0259006	0	0
C	33	0	-2.78499	2.58755	-0	0.188172	0.279845	0.672416	0.764249
CNC	34	0	-2.30216	2.05504	-0	0.0268817	0.0699317	0.3844	0.403112
CNNG	35	0	-2.61419	2.54838	-0	0.0268817	0.0784083	0.342843	0.382514
ANG	36	0	-2.63478	2.64834	-0	0.016129	0.0631034	0.255597	0.305903
GG	37	0	-3.35022	4.04468	-0	0.0215054	0.0927714	0.23181	0.273263
G	38	0	-4.5769	6.10743	1.6507	0.139785	0.292442	0.477992	0.505437
GGG	39	0	-2.16612	2.01247	-0	0	0.0246056	0	0
CG	40	0	-2.28344	2.13215	-0	0.00537634	0.0369673	0.145435	0.176292
GNNC	41	0	-2.20391	1.90467	-0	0.0322581	0.0747587	0.431496	0.445623
CNNC	42	0	-2.42357	2.22395	-0	0.0322581	0.0806452	0.4	0.504505
CNC	43	0	-3.20284	3.89386	-0	0.0107527	0.071109	0.151214	0.160563
CNNC	44	0	-2.57222	2.47813	-0	0.0268817	0.077231	0.348069	0.41979
CNNC	45	0	-2.4064	2.19785	-0	0.0322581	0.0801742	0.402349	0.504505
G	46	0	-2.28515	1.92212	-0	0.204301	0.279491	0.730974	0.741647
CNNC	47	0	-2.72964	2.74789	-0	0.0268817	0.0817047	0.329011	0.41979
GGNG	48	0	-2.26504	2.19794	-0	0	0.0268425	0	0
CNNC	49	0	-3.0245	3.34653	-0	0.0215054	0.0825288	0.26058	0.335329
CNNC	50	0	-3.2089	3.80625	-0	0.016129	0.0799388	0.201767	0.251121
GNNC	51	0	-3.49714	4.60785	0.151123	0.0107527	0.0805274	0.133528	0.147757
CNNC	52	0	-3.71896	5.40851	0.951781	0.00537634	0.0788792	0.0681592	0.0834575
C	53	0	-3.84307	4.4697	0.0129676	0.145161	0.270308	0.537021	0.587823
C	54	0	-3.94675	4.69653	0.239805	0.139785	0.267954	0.521675	0.565843
C	55	0	-4.1959	5.26921	0.81248	0.129032	0.264775	0.487328	0.521931
CNG	56	0	-2.86037	2.95418	-0	0.0322581	0.0932423	0.34596	0.405213
GG	57	0	-3.41151	4.18453	-0	0.0215054	0.0947728	0.226915	0.273263
G	58	0	-4.09405	4.9448	0.48807	0.16129	0.298681	0.540008	0.583966
G	59	0	-3.91852	4.56967	0.112939	0.166667	0.298093	0.55911	0.60363
G	60	0	-2.61687	2.34176	-0	0.209677	0.297386	0.705067	0.761416
