#kmer	position	shift	statistics	p-value	corrected.p	frac.obs	frac.exp	obs/exp	local.r
D	13	0	2.68776	2.42286	-0	0.236422	0.178275	1.32616	1.32755
N	13	0	2.59685	2.31743	-0	0.242812	0.185729	1.30734	1.30863
K	13	0	2.5789	2.27507	-0	0.175719	0.127157	1.38191	1.3836
G	9	0	2.58732	2.25991	-0	0.118211	0.0788072	1.5	1.50241
H	7	0	2.47545	2.15176	-0	0.15016	0.106922	1.40438	1.40621
N	3	0	2.4515	2.14978	-0	0.239617	0.185729	1.29014	1.29134
V	3	0	2.4629	2.14872	-0	0.185304	0.13738	1.34884	1.35035
R	3	0	2.40963	2.08795	-0	0.175719	0.129925	1.35246	1.35399
D	3	0	2.3924	2.0818	-0	0.230032	0.178275	1.29032	1.29152
S	9	0	2.41595	2.0797	-0	0.124601	0.086262	1.44444	1.44651
K	9	0	2.23957	1.90685	-0	0.169329	0.127157	1.33166	1.33308
R	13	0	2.0734	1.73935	-0	0.169329	0.129925	1.30328	1.30455
W	7	0	2.05227	1.7155	-0	0.134185	0.0994675	1.34904	1.35055
V	13	0	1.97032	1.63976	-0	0.175719	0.13738	1.27907	1.28021
G	13	0	1.95797	1.6252	-0	0.108626	0.0788072	1.37838	1.38005
G	6	0	1.95797	1.6252	-0	0.108626	0.0788072	1.37838	1.38005
R	9	0	1.90529	1.57778	-0	0.166134	0.129925	1.27869	1.27983
D	11	0	-1.89029	1.50042	-0	0.13738	0.178275	0.770609	0.770043
S	13	0	1.81196	1.4928	-0	0.115016	0.086262	1.33333	1.33476
S	3	0	1.81196	1.4928	-0	0.115016	0.086262	1.33333	1.33476
S	6	0	1.81196	1.4928	-0	0.115016	0.086262	1.33333	1.33476
V	9	0	1.80613	1.48649	-0	0.172524	0.13738	1.25581	1.25684
D	9	0	1.80169	1.48306	-0	0.217252	0.178275	1.21864	1.21949
G	3	0	1.74819	1.43753	-0	0.105431	0.0788072	1.33784	1.33929
K	3	0	1.73058	1.41899	-0	0.159744	0.127157	1.25628	1.25731
N	9	0	1.72477	1.41334	-0	0.223642	0.185729	1.20413	1.20492
N	11	0	-1.76353	1.37199	-0	0.146965	0.185729	0.791284	0.790755
W	10	0	1.67455	1.37197	-0	0.127796	0.0994675	1.2848	1.28597
W	13	0	1.67455	1.37197	-0	0.127796	0.0994675	1.2848	1.28597
R	6	0	1.56906	1.28024	-0	0.159744	0.129925	1.22951	1.23041
H	1	0	1.56087	1.27567	-0	0.134185	0.106922	1.25498	1.25601
H	10	0	1.56087	1.27567	-0	0.134185	0.106922	1.25498	1.25601
H	13	0	1.56087	1.27567	-0	0.134185	0.106922	1.25498	1.25601
H	3	0	1.56087	1.27567	-0	0.134185	0.106922	1.25498	1.25601
R	11	0	-1.6251	1.2384	-0	0.0990415	0.129925	0.762295	0.761715
W	1	0	1.48569	1.21564	-0	0.124601	0.0994675	1.25268	1.25369
W	3	0	1.48569	1.21564	-0	0.124601	0.0994675	1.25268	1.25369
V	6	0	1.47774	1.20465	-0	0.166134	0.13738	1.2093	1.21011
V	11	0	-1.47774	1.10672	-0	0.108626	0.13738	0.790698	0.790168
R	7	0	-1.45698	1.08804	-0	0.102236	0.129925	0.786885	0.786348
W	14	0	1.29683	1.06965	-0	0.121406	0.0994675	1.22056	1.22142
W	5	0	1.29683	1.06965	-0	0.121406	0.0994675	1.22056	1.22142
D	5	0	1.21097	0.995513	-0	0.204473	0.178275	1.14695	1.14749
H	14	0	1.19504	0.993592	-0	0.127796	0.106922	1.19522	1.19597
S	12	0	1.00665	0.869451	-0	0.102236	0.086262	1.18519	1.18589
H	5	0	1.01213	0.867289	-0	0.124601	0.106922	1.16534	1.16596
N	5	0	0.998042	0.846065	-0	0.207668	0.185729	1.11812	1.11854
R	5	0	0.896605	0.787705	-0	0.146965	0.129925	1.13115	1.13162
N	1	0	0.852696	0.752613	-0	0.204473	0.185729	1.10092	1.10127
S	15	0	0.805318	0.742396	-0	0.0990415	0.086262	1.14815	1.14869
S	2	0	0.805318	0.742396	-0	0.0990415	0.086262	1.14815	1.14869
V	7	0	-0.985161	0.734847	-0	0.118211	0.13738	0.860465	0.86008
D	1	0	0.767932	0.701944	-0	0.194888	0.178275	1.09319	1.09352
D	14	0	0.767932	0.701944	-0	0.194888	0.178275	1.09319	1.09352
K	2	0	0.71259	0.677097	-0	0.140575	0.127157	1.10553	1.1059
K	5	0	0.71259	0.677097	-0	0.140575	0.127157	1.10553	1.1059
K	6	0	0.71259	0.677097	-0	0.140575	0.127157	1.10553	1.1059
N	14	0	0.70735	0.665694	-0	0.201278	0.185729	1.08372	1.08401
V	15	0	0.656774	0.643503	-0	0.15016	0.13738	1.09302	1.09335
V	5	0	0.656774	0.643503	-0	0.15016	0.13738	1.09302	1.09335
D	6	0	0.620253	0.617525	-0	0.191693	0.178275	1.07527	1.07553
R	15	0	0.560378	0.592198	-0	0.140575	0.129925	1.08197	1.08225
N	6	0	0.562004	0.585221	-0	0.198083	0.185729	1.06651	1.06674
N	7	0	0.562004	0.585221	-0	0.198083	0.185729	1.06651	1.06674
K	4	0	0.542926	0.583481	-0	0.13738	0.127157	1.0804	1.08068
D	12	0	-0.708861	0.57537	-0	0.162939	0.178275	0.913978	0.913727
V	1	0	0.492581	0.555479	-0	0.146965	0.13738	1.06977	1.07001
K	10	0	-0.644724	0.533406	-0	0.115016	0.127157	0.904523	0.904246
R	1	0	0.392265	0.506853	-0	0.13738	0.129925	1.05738	1.05757
R	14	0	0.392265	0.506853	-0	0.13738	0.129925	1.05738	1.05757
R	2	0	0.392265	0.506853	-0	0.13738	0.129925	1.05738	1.05757
V	14	0	0.328387	0.475293	-0	0.14377	0.13738	1.04651	1.04667
V	10	0	-0.492581	0.459806	-0	0.127796	0.13738	0.930233	0.930025
N	12	0	-0.455417	0.448729	-0	0.175719	0.185729	0.946101	0.945937
N	15	0	0.271313	0.443179	-0	0.191693	0.185729	1.03211	1.03222
R	10	0	-0.448303	0.438096	-0	0.121406	0.129925	0.934426	0.93423
H	11	0	-0.45119	0.434768	-0	0.0990415	0.106922	0.926295	0.926076
K	14	0	0.203597	0.421165	-0	0.13099	0.127157	1.03015	1.03025
K	15	0	0.203597	0.421165	-0	0.13099	0.127157	1.03015	1.03025
D	10	0	0.177215	0.403194	-0	0.182109	0.178275	1.02151	1.02158
D	15	0	0.177215	0.403194	-0	0.182109	0.178275	1.02151	1.02158
D	2	0	0.177215	0.403194	-0	0.182109	0.178275	1.02151	1.02158
D	7	0	0.177215	0.403194	-0	0.182109	0.178275	1.02151	1.02158
V	12	0	0.164194	0.402785	-0	0.140575	0.13738	1.02326	1.02333
V	2	0	0.164194	0.402785	-0	0.140575	0.13738	1.02326	1.02333
N	10	0	0.125967	0.381343	-0	0.188498	0.185729	1.01491	1.01496
H	15	0	-0.268275	0.35748	-0	0.102236	0.106922	0.956175	0.956041
K	1	0	0.0339328	0.352117	-0	0.127796	0.127157	1.00503	1.00504
K	7	0	0.0339328	0.352117	-0	0.127796	0.127157	1.00503	1.00504
W	9	0	-0.0251812	0.33498	-0	0.0990415	0.0994675	0.995717	0.995704
N	4	0	-0.164725	0.328492	-0	0.182109	0.185729	0.980505	0.980443
N	2	0	-0.0193795	0.325415	-0	0.185304	0.185729	0.997706	0.997699
V	4	0	-0.164194	0.323147	-0	0.134185	0.13738	0.976744	0.976671
H	9	0	-0.0853603	0.311604	-0	0.105431	0.106922	0.986056	0.986012
K	12	0	-0.135731	0.311466	-0	0.124601	0.127157	0.9799	0.979836
D	4	0	-0.118143	0.310995	-0	0.175719	0.178275	0.985663	0.985618
R	12	0	-0.112076	0.303535	-0	0.127796	0.129925	0.983607	0.983555
R	4	0	-0.112076	0.303535	-0	0.127796	0.129925	0.983607	0.983555
