AT	1	0	3.21168	2.51313	-0	0.019802	0.00282885	7	7.44681
CA	2	0	1.07761	1.29965	-0	0.00990099	0.00353607	2.8	2.85132
GAA	3	0	3.32947	2.55501	-0	0.00990099	0.000761615	13	14.7727
AAG	4	0	3.32947	2.55501	-0	0.00990099	0.000761615	13	14.7727
AGA	5	0	3.32947	2.55501	-0	0.00990099	0.000761615	13	14.7727
AC	6	0	2.26939	2.03587	-0	0.00990099	0.00141443	7	7.44681
C	7	0	1.04529	1.02945	-0	0.039604	0.0237624	1.66667	1.67785
TA	9	0	2.7539	2.24466	-0	0.019802	0.00353607	5.6	5.87002
TT	10	0	1.69914	1.70369	-0	0.00990099	0.00212164	4.66667	4.84429
G	11	0	0.714946	0.756573	-0	0.0792079	0.0620462	1.2766	1.28014
AAT	12	0	4.71038	3.27837	-0	0.019802	0.00152323	13	14.7727
TG	13	0	3.93628	3.02047	-0	0.029703	0.00424328	7	7.44681
GT	14	0	3.47563	2.61782	-0	0.00990099	0.000707214	14	16.092
A	15	0	1.36893	1.18144	-0	0.0990099	0.0653465	1.51515	1.523
CT	1	0	-0.267356	1.1614	-0	0	0.000707214	0	0
CT	2	0	-0.267356	1.1614	-0	0	0.000707214	0	0
CT	3	0	-0.267356	1.1614	-0	0	0.000707214	0	0
CT	4	0	-0.267356	1.1614	-0	0	0.000707214	0	0
CT	5	0	-0.267356	1.1614	-0	0	0.000707214	0	0
CT	6	0	-0.267356	1.1614	-0	0	0.000707214	0	0
CT	7	0	-0.267356	1.1614	-0	0	0.000707214	0	0
A	8	0	-2.65734	2.96429	-0	0	0.0653465	0	0
CT	9	0	-0.267356	1.1614	-0	0	0.000707214	0	0
CT	10	0	-0.267356	1.1614	-0	0	0.000707214	0	0
CT	11	0	-0.267356	1.1614	-0	0	0.000707214	0	0
GT	12	0	-0.267356	1.1614	-0	0	0.000707214	0	0
G	13	0	-1.75987	1.33576	-0	0.019802	0.0620462	0.319149	0.316991
CT	14	0	-0.267356	1.1614	-0	0	0.000707214	0	0
G	15	0	-1.75987	1.33576	-0	0.019802	0.0620462	0.319149	0.316991
