#kmer	position	shift	statistics	p-value	corrected.p	n1	mean1	std1	n2	mean2	std2
A	51	0	46.2031	inf	inf	21797	0.0760158	0.148533	44416	0.026978	0.0712553
G	51	0	-32.8494	233.44	230.838	15766	0.0244324	0.0685626	50447	0.0489617	0.1144
C	51	0	-27.5653	165.576	162.973	16617	0.0279077	0.0675128	49596	0.0482182	0.115418
T	50	0	-25.6937	143.486	140.884	12002	0.0264107	0.0692573	54211	0.0468206	0.11199
A	50	0	-21.3309	99.9793	97.3773	15862	0.0304575	0.0748672	50351	0.0471104	0.113559
C	50	0	20.3627	90.8841	88.282	15992	0.0606005	0.132694	50221	0.037555	0.0950303
T	51	0	-19.9211	87.1585	84.5565	12033	0.0290295	0.0792079	54180	0.0462507	0.110633
G	47	0	-19.3293	82.3353	79.7332	14638	0.0304925	0.0823413	51575	0.0467053	0.111337
A	96	0	-19.4027	82.0205	79.4185	6071	0.0274207	0.0601093	60142	0.0447059	0.109261
T	42	0	17.6672	69.1427	66.5406	22133	0.0540451	0.119564	44080	0.0376359	0.0977501
G	33	0	-17.8274	68.1972	65.5951	3272	0.0225511	0.064969	62941	0.0441904	0.107421
G	31	0	-17.6109	65.2614	62.6593	2117	0.0203617	0.0582691	64096	0.0438727	0.106956
A	45	0	16.87	63.1415	60.5394	19457	0.0547697	0.120659	46756	0.0382735	0.0985993
G	75	0	-16.6503	61.6648	59.0627	21337	0.034083	0.0869936	44876	0.0474183	0.113442
G	30	0	-16.4334	56.8688	54.2668	1835	0.0196269	0.0603533	64378	0.0437907	0.106765
T	43	0	15.9209	56.4619	53.8598	22422	0.0528349	0.119005	43791	0.0381473	0.0980287
G	32	0	-16.0528	55.4328	52.8308	2627	0.0224042	0.0653487	63586	0.0439769	0.107086
G	34	0	-15.8973	55.2581	52.656	4238	0.0250721	0.073786	61975	0.0443553	0.107561
G	46	0	-15.5923	54.145	51.5429	14011	0.0321649	0.0888626	52202	0.0460617	0.109751
G	45	0	-15.4338	53.0962	50.4942	14565	0.0325101	0.0889163	51648	0.0461134	0.109944
G	35	0	-15.4196	52.3389	49.7368	5056	0.0267333	0.0757155	61157	0.0444758	0.107831
A	10	0	-15.4722	51.4524	48.8503	2324	0.0219938	0.065102	63889	0.0438895	0.106939
G	37	0	-14.3064	45.5841	42.982	7315	0.0298142	0.0808601	58898	0.0447737	0.108415
C	22	0	-14.2618	45.3485	42.7465	8096	0.0299039	0.0859964	58117	0.0449622	0.108175
T	41	0	13.9828	43.8828	41.2808	20796	0.0521842	0.118607	45417	0.0389711	0.099154
A	100	0	-13.9409	43.509	40.9069	9760	0.0322347	0.0781211	56453	0.0450031	0.109803
G	76	0	-13.6841	42.1377	39.5357	25711	0.0363673	0.0928331	40502	0.0474083	0.113098
G	54	0	-13.4824	40.9275	38.3255	20197	0.0354745	0.0889921	46016	0.0464772	0.11226
G	29	0	-13.6221	40.7204	38.1183	2772	0.0236998	0.0750894	63441	0.0439696	0.10689
G	12	0	-13.4606	40.4668	37.8648	6289	0.0293358	0.0826554	59924	0.0445678	0.10787
C	49	0	13.4047	40.369	37.7669	14282	0.0549183	0.123372	51931	0.0398766	0.100224
G	13	0	-12.9682	37.5455	34.9434	4823	0.028261	0.0803698	61390	0.0442885	0.107486
A	11	0	-12.9642	37.0518	34.4498	2618	0.0250413	0.071054	63595	0.0438653	0.106952
A	23	0	-12.3701	34.6453	32.0432	16609	0.0350565	0.0924087	49604	0.0458213	0.109824
G	74	0	-12.134	33.3975	30.7955	17948	0.0357067	0.0895387	48265	0.0458781	0.111153
G	43	0	-12.0614	32.9984	30.3964	15811	0.0350222	0.0923895	50402	0.0456616	0.109582
G	44	0	-12.0146	32.7534	30.1513	15822	0.035065	0.0922421	50391	0.0456505	0.109625
C	23	0	-12.0391	32.6179	30.0159	5161	0.0295164	0.0823097	61052	0.0442711	0.107502
G	38	0	-11.7026	31.0548	28.4527	8764	0.0326428	0.0868485	57449	0.0447195	0.108343
A	9	0	-11.7772	31.0212	28.4192	3076	0.0260874	0.0807515	63137	0.0439509	0.10683
T	53	0	11.6631	30.9139	28.3119	15028	0.0527941	0.119526	51185	0.040281	0.101281
T	44	0	11.4588	29.9224	27.3203	21532	0.0503045	0.117514	44681	0.0396593	0.0995238
G	41	0	-11.4344	29.7736	27.1716	13367	0.0347411	0.0908579	52846	0.0452407	0.109188
G	39	0	-11.3891	29.5166	26.9145	10346	0.0337886	0.0869635	55867	0.0448493	0.108876
A	33	0	11.3515	29.4106	26.8085	35013	0.0474892	0.112307	31200	0.0382191	0.0978165
G	36	0	-11.2878	28.9069	26.3049	6163	0.030909	0.0870889	60050	0.0443744	0.107488
G	42	0	-11.2211	28.7278	26.1257	14324	0.0350943	0.0930341	51889	0.0453368	0.108992
C	18	0	11.2073	28.6757	26.0737	20260	0.0504437	0.116091	45953	0.0398926	0.100804
C	45	0	-11.1462	28.35	25.7479	12494	0.0346847	0.090037	53719	0.0450832	0.10908
A	12	0	-11.2152	28.3337	25.7316	3303	0.0277085	0.0794311	62910	0.0439302	0.106973
C	63	0	-11.1278	28.3022	25.7001	20579	0.03676	0.0926662	45634	0.0459896	0.111136
A	46	0	11.0679	27.9875	25.3855	17918	0.0511855	0.118927	48295	0.040129	0.100371
A	13	0	-11.1167	27.9691	25.367	4165	0.0296848	0.0784535	62048	0.0440229	0.107356
A	32	0	10.9557	27.4815	24.8795	33338	0.0475879	0.111415	32875	0.0385913	0.0996395
T	23	0	10.8299	26.8827	24.2806	33116	0.0475697	0.111968	33097	0.0386698	0.0991054
A	8	0	-10.8676	26.8405	24.2384	4898	0.0301838	0.0847074	61315	0.0441545	0.107269
G	55	0	-10.6145	25.8702	23.2681	24800	0.0377049	0.0950912	41413	0.0463644	0.111639
G	70	0	-10.4443	25.0817	22.4797	20988	0.0371972	0.0935997	45225	0.0458702	0.110939
G	40	0	-10.3498	24.6142	22.0122	11903	0.0348844	0.0929044	54310	0.0449262	0.108371
T	59	0	10.3085	24.4258	21.8238	13749	0.0523835	0.122535	52464	0.0406937	0.100853
T	56	0	10.2283	24.0485	21.4464	11243	0.0534691	0.120631	54970	0.0410045	0.102409
G	28	0	-10.1788	23.703	21.101	4608	0.0303053	0.087072	61605	0.0440796	0.107037
T	5	0	-10.0669	23.3801	20.778	17338	0.0366448	0.0944263	48875	0.0454184	0.109496
T	85	0	-9.9967	23.0854	20.4833	25441	0.0381203	0.0945329	40772	0.0462414	0.112189
T	60	0	9.98606	22.9886	20.3865	12172	0.0529181	0.123603	54041	0.0409144	0.101265
C	17	0	9.94641	22.8541	20.2521	21016	0.0494027	0.115044	45197	0.0402001	0.101125
T	18	0	-9.83968	22.4039	19.8019	27514	0.0384113	0.0990216	38699	0.0464696	0.11029
A	67	0	-9.70477	21.8061	19.204	14361	0.0363302	0.090187	51852	0.0450018	0.109692
G	92	0	-9.68982	21.7625	19.1604	25802	0.0383157	0.0948972	40411	0.0461892	0.112144
A	31	0	9.63244	21.5198	18.9177	30540	0.0474348	0.111668	35673	0.039428	0.100413
A	49	0	-9.59187	21.3235	18.7215	13348	0.0359065	0.0942031	52865	0.0449426	0.108491
C	42	0	-9.49025	20.8977	18.2957	12990	0.0358456	0.0946162	53223	0.0448967	0.108314
A	24	0	-9.46358	20.8005	18.1985	16952	0.0368858	0.0959796	49261	0.0452667	0.108929
C	21	0	-9.45247	20.7389	18.1369	12594	0.0356926	0.0954952	53619	0.0448658	0.108038
T	54	0	9.30126	20.1123	17.5102	12941	0.051629	0.119114	53272	0.0410543	0.102234
T	40	0	9.28962	20.0871	17.485	20013	0.0491983	0.114499	46200	0.0404884	0.10173
C	66	0	-9.12441	19.4261	16.8241	20527	0.0378511	0.0943043	45686	0.0454888	0.110534
G	50	0	9.02291	19.0196	16.4175	22357	0.0485732	0.116234	43856	0.0403416	0.0999934
G	14	0	-8.90277	18.4311	15.8291	4210	0.0317049	0.0843564	62003	0.0438962	0.107086
T	24	0	8.82272	18.2427	15.6407	34796	0.0465497	0.110564	31417	0.0393237	0.100185
T	22	0	8.75711	17.9888	15.3867	30427	0.0470554	0.111215	35786	0.0397759	0.100901
C	48	0	8.67308	17.6469	15.0449	14444	0.0504599	0.118396	51769	0.0410734	0.101952
G	48	0	-8.63739	17.5247	14.9226	18153	0.0376975	0.0951561	48060	0.0451696	0.109519
G	85	0	8.62227	17.4679	14.8659	21739	0.0484132	0.114699	44474	0.0405342	0.101109
A	14	0	-8.57936	17.2281	14.626	5005	0.0330925	0.0840239	61208	0.0439411	0.107374
G	53	0	-8.40223	16.6357	14.0336	13661	0.0367779	0.0965659	52552	0.0447699	0.108045
C	33	0	-8.38554	16.5651	13.9631	10915	0.0359553	0.0955983	55298	0.0445354	0.107676
C	41	0	-8.37919	16.553	13.951	14545	0.0370363	0.0964169	51668	0.0448339	0.108268
G	84	0	8.37178	16.5348	13.9327	23923	0.0478623	0.114412	42290	0.040439	0.10055
A	22	0	-8.24962	16.083	13.4809	16137	0.0375104	0.096134	50076	0.0449291	0.108706
A	34	0	8.23797	16.0498	13.4478	35018	0.0462974	0.11098	31195	0.0395554	0.0996073
G	93	0	-8.19521	15.8951	13.293	29392	0.0393973	0.0990976	36821	0.0460935	0.110818
T	19	0	-7.99787	15.1907	12.5886	25412	0.0390433	0.099724	40801	0.0456607	0.109381
G	66	0	7.92651	14.9312	12.3291	16713	0.0490747	0.115494	49500	0.0411108	0.10228
C	24	0	-7.81592	14.488	11.8859	4423	0.0331745	0.0860508	61790	0.043833	0.107068
T	55	0	7.74409	14.292	11.6899	11796	0.0506789	0.119827	54417	0.0414827	0.102468
G	20	0	7.72356	14.2172	11.6151	10203	0.0513219	0.118893	56010	0.0416271	0.1032
G	67	0	7.69605	14.1367	11.5346	15295	0.0493019	0.116333	50918	0.0412644	0.10239
A	62	0	7.63471	13.931	11.329	16225	0.0489837	0.115698	49988	0.0412181	0.102348
G	65	0	7.53885	13.6124	11.0104	17757	0.0485323	0.115154	48456	0.041138	0.102126
G	79	0	7.53129	13.5906	10.9885	21372	0.0477747	0.113282	44841	0.040903	0.102009
G	56	0	-7.48541	13.4424	10.8403	29601	0.0397321	0.100266	36612	0.045861	0.110044
A	63	0	7.4003	13.1524	10.5503	14607	0.049181	0.114505	51606	0.0414058	0.103175
T	79	0	-7.3972	13.1521	10.5501	26331	0.039455	0.0992793	39882	0.0455414	0.109871
A	53	0	-7.36971	13.0616	10.4596	22846	0.0391031	0.0972213	43367	0.0452377	0.110033
C	75	0	7.31608	12.8806	10.2786	15699	0.0488106	0.114068	50514	0.0413528	0.103069
G	21	0	7.24121	12.6324	10.0303	11080	0.0501744	0.113959	55133	0.0417035	0.10406
C	12	0	7.20576	12.5345	9.93245	28384	0.0465788	0.110407	37829	0.0405266	0.102181
C	74	0	7.16213	12.3903	9.78829	17460	0.0483428	0.115735	48753	0.0412509	0.101982
G	7	0	7.1636	12.3894	9.78731	12888	0.0495399	0.11566	53325	0.0415697	0.103252
T	90	0	-7.1346	12.3095	9.70749	31515	0.040057	0.100526	34698	0.0459039	0.11035
G	22	0	7.03662	11.9891	9.38705	11553	0.0498581	0.115187	54660	0.0416971	0.103686
G	15	0	-7.0243	11.9228	9.32077	4827	0.0344149	0.087895	61386	0.0438056	0.107081
A	35	0	6.9914	11.8621	9.26003	33093	0.0459966	0.110211	33120	0.0402478	0.101177
T	28	0	6.96946	11.7936	9.19159	27705	0.0465498	0.111347	38508	0.0406542	0.101601
T	17	0	-6.95315	11.744	9.14198	29660	0.0399718	0.101438	36553	0.0456764	0.109194
A	4	0	6.90341	11.5628	8.9607	6666	0.0526266	0.120059	59547	0.0420569	0.10406
G	52	0	-6.88263	11.5224	8.92032	15069	0.0381413	0.0990124	51144	0.0445883	0.10771
A	60	0	-6.83424	11.3777	8.77566	17259	0.038695	0.0950129	48954	0.0446815	0.109344
T	78	0	-6.78377	11.2278	8.62576	22358	0.0393843	0.0961986	43855	0.0450261	0.110366
C	44	0	-6.75157	11.1236	8.52155	11955	0.0376086	0.0964925	54258	0.0443356	0.107739
C	11	0	6.64797	10.8242	8.22215	28131	0.0463385	0.110479	38082	0.0407443	0.102192
T	65	0	-6.56465	10.5793	7.97725	21799	0.039409	0.0980753	44414	0.044943	0.109386
T	49	0	-6.53446	10.4897	7.88759	17340	0.0387901	0.0991933	48873	0.0446576	0.108043
C	32	0	-6.5022	10.3911	7.78907	11390	0.0376549	0.0966214	54823	0.0442567	0.107607
A	47	0	6.49524	10.3749	7.77281	16676	0.0479402	0.113217	49537	0.0414987	0.103171
A	78	0	6.48654	10.3242	7.72214	5392	0.0537892	0.127805	60821	0.0421753	0.103602
C	14	0	6.41061	10.1364	7.5343	27119	0.0463348	0.111078	39094	0.0408917	0.101969
T	82	0	6.40845	10.1285	7.52646	21040	0.0471483	0.114194	45173	0.0412453	0.101642
C	43	0	-6.36556	10.0017	7.39968	11770	0.037792	0.0985508	54443	0.0442731	0.107302
C	59	0	-6.33797	9.92748	7.32542	14921	0.0386965	0.0929813	51292	0.0444081	0.109248
T	58	0	6.29553	9.80652	7.20446	14607	0.0483058	0.115375	51606	0.0416535	0.102918
A	97	0	-6.26608	9.70362	7.10156	4993	0.0349078	0.0954343	61220	0.0437909	0.106603
G	78	0	6.24531	9.67083	7.06877	23436	0.0466871	0.112232	42777	0.0411673	0.102097
C	16	0	6.23719	9.64817	7.04611	22877	0.0467489	0.111951	43336	0.0412059	0.102397
A	52	0	6.23518	9.64256	7.0405	22241	0.0467895	0.109557	43972	0.0412655	0.103842
C	19	0	6.23207	9.63294	7.03088	19613	0.0472087	0.112107	46600	0.0414006	0.103023
T	4	0	-6.17873	9.48548	6.88342	16966	0.0389867	0.0984754	49247	0.0445453	0.108209
C	13	0	6.14516	9.39579	6.79373	28274	0.0460768	0.109852	37939	0.0409183	0.102671
T	39	0	6.07604	9.20586	6.6038	19391	0.0471325	0.111758	46822	0.0414597	0.103227
A	3	0	6.07781	9.19277	6.59071	5969	0.0519245	0.11852	60244	0.0422488	0.104446
C	34	0	-6.03879	9.09977	6.49771	10049	0.0377127	0.0955699	56164	0.0440887	0.107532
C	52	0	-6.00757	9.02057	6.41851	15158	0.0388037	0.0985531	51055	0.0444028	0.10786
A	76	0	5.95188	8.85985	6.25779	6798	0.0510911	0.117871	59415	0.0422091	0.104323
G	5	0	5.85008	8.60213	6.00007	12612	0.0483703	0.113839	53601	0.0418859	0.103815
T	38	0	5.80053	8.47657	5.87451	18225	0.0471216	0.111496	47988	0.0416017	0.103554
C	84	0	-5.75022	8.3479	5.74584	19460	0.0396184	0.09765	46753	0.0445789	0.109018
G	6	0	5.74195	8.32274	5.72068	12423	0.0482486	0.111782	53790	0.0419368	0.104369
T	6	0	-5.67135	8.14621	5.54415	17892	0.0393951	0.1011	48321	0.0445006	0.107493
T	97	0	5.65746	8.11068	5.50862	18093	0.0470485	0.111727	48120	0.0416443	0.103485
G	68	0	5.64178	8.069	5.46694	13431	0.0479549	0.113003	52782	0.041891	0.103887
C	77	0	-5.61345	8.00029	5.39823	17736	0.0394628	0.0988184	48477	0.0444594	0.108249
A	25	0	-5.60138	7.97012	5.36806	18044	0.0395001	0.0993357	48169	0.0444774	0.108129
T	76	0	5.59117	7.94455	5.34249	19904	0.0467565	0.112535	46309	0.0415585	0.102772
T	31	0	-5.57416	7.90297	5.30091	22353	0.0399742	0.101473	43860	0.0447248	0.107945
G	94	0	-5.54549	7.83231	5.23025	32804	0.0408215	0.101795	33409	0.0453789	0.109597
G	11	0	-5.53508	7.79763	5.19557	7718	0.0372536	0.098018	58495	0.0438952	0.106792
C	71	0	5.53034	7.79162	5.18956	14812	0.0475498	0.11251	51401	0.0418448	0.103788
C	81	0	-5.44045	7.57276	4.9707	18157	0.0396506	0.09779	48056	0.0444323	0.108682
A	36	0	5.43382	7.55781	4.95575	30571	0.0455447	0.109211	35642	0.0410422	0.102792
T	25	0	5.42032	7.52505	4.92299	34501	0.0452519	0.109062	31712	0.0408028	0.102144
C	88	0	-5.36193	7.38298	4.78092	19318	0.0398167	0.0988564	46895	0.0444822	0.108541
A	77	0	5.33446	7.30667	4.70461	6214	0.0505421	0.116239	59999	0.0423524	0.104661
T	64	0	-5.30562	7.24797	4.64591	17423	0.0396575	0.0972335	48790	0.0443578	0.108706
T	81	0	5.28936	7.21	4.60794	23171	0.0461432	0.110239	43042	0.0414941	0.103339
C	78	0	-5.25226	7.12085	4.51879	15027	0.0392912	0.0998896	51186	0.0442454	0.107483
A	26	0	-5.24615	7.10779	4.50573	20701	0.0400149	0.100129	45512	0.0445339	0.108292
T	2	0	-5.2374	7.08577	4.48371	14482	0.0392805	0.0974134	51731	0.0441962	0.108042
G	23	0	5.22883	7.06347	4.46141	11327	0.0481386	0.113771	54886	0.0420855	0.104083
A	30	0	5.16575	6.92036	4.3183	28443	0.0455906	0.109587	37770	0.0412613	0.102868
G	8	0	5.10327	6.77306	4.171	12561	0.0477033	0.113562	53652	0.0420482	0.103905
T	52	0	5.04425	6.63895	4.03689	13745	0.0474055	0.113941	52468	0.0419986	0.103569
C	15	0	5.03172	6.61282	4.01076	25030	0.0458163	0.109958	41183	0.0414829	0.103203
T	29	0	5.01859	6.58325	3.98119	26825	0.0456483	0.109315	39388	0.0413998	0.103351
G	64	0	5.00383	6.54891	3.94685	18260	0.0465646	0.111354	47953	0.0418098	0.103616
C	92	0	4.94072	6.40635	3.80429	13637	0.0473398	0.113959	52576	0.0420268	0.103587
T	83	0	-4.92994	6.3846	3.78254	24343	0.0405325	0.099012	41870	0.044626	0.109568
A	17	0	-4.91262	6.34185	3.73979	8754	0.0383187	0.0967468	57459	0.0438527	0.107125
G	86	0	-4.88167	6.2779	3.67584	25405	0.0406427	0.0983925	40808	0.0446639	0.110176
A	75	0	4.8393	6.17829	3.57623	6945	0.0495257	0.117934	59268	0.0423705	0.104292
T	21	0	4.78666	6.07058	3.46852	27165	0.0454978	0.108279	39048	0.0414676	0.104057
T	96	0	4.7617	6.01593	3.41387	18991	0.0463239	0.112343	47222	0.0418329	0.103064
G	82	0	-4.75571	6.00393	3.40187	26696	0.0407844	0.0998466	39517	0.0446995	0.109656
G	62	0	-4.64384	5.76556	3.1635	19025	0.0402067	0.100267	47188	0.044296	0.107967
A	20	0	-4.63121	5.73815	3.13609	13912	0.0396044	0.0988823	52301	0.0440564	0.107581
A	15	0	-4.63126	5.73354	3.13148	6194	0.0374902	0.0998747	60019	0.0437021	0.106407
T	67	0	4.62832	5.73268	3.13062	18320	0.0462902	0.110886	47893	0.0419088	0.103803
C	67	0	-4.62183	5.71924	3.11718	18237	0.0401012	0.102313	47976	0.0442689	0.107112
C	87	0	4.59579	5.66409	3.06203	14656	0.046804	0.111545	51557	0.0420741	0.104122
G	83	0	4.52849	5.52616	2.9241	24784	0.0455841	0.111783	41429	0.0416476	0.102071
T	75	0	4.47087	5.40833	2.80627	22232	0.0457768	0.111527	43981	0.0417785	0.102801
G	60	0	-4.44232	5.35075	2.74869	23178	0.0406845	0.100905	43035	0.0444333	0.108364
T	93	0	4.42133	5.30843	2.70637	24163	0.0455612	0.110092	42050	0.0417189	0.103272
A	21	0	-4.35983	5.18489	2.58283	15374	0.0399233	0.102894	50839	0.044088	0.106681
A	16	0	-4.3109	5.0857	2.48364	7401	0.0384581	0.0976743	58812	0.0437078	0.106796
T	47	0	4.30802	5.0831	2.48104	19852	0.0459092	0.111287	46361	0.0419271	0.103379
G	89	0	4.25817	4.98576	2.3837	19105	0.0459528	0.111085	47108	0.0419726	0.103598
C	61	0	4.24805	4.9652	2.36314	12902	0.0468392	0.112344	53311	0.0422212	0.10417
G	19	0	4.21314	4.89669	2.29463	9096	0.0476442	0.111063	57117	0.0424007	0.104952
C	47	0	4.20938	4.89108	2.28902	15047	0.0463869	0.109269	51166	0.0421606	0.104775
A	59	0	-4.19907	4.87062	2.26856	11081	0.039443	0.0998107	55132	0.0438603	0.106981
C	96	0	4.19161	4.85563	2.25357	9630	0.0475065	0.112113	56583	0.0423747	0.104703
C	91	0	4.16414	4.8045	2.20244	14633	0.0464716	0.111998	51580	0.0421705	0.103992
A	5	0	4.15834	4.79095	2.18889	7127	0.0482975	0.111974	59086	0.0424966	0.105045
A	70	0	4.12206	4.72419	2.12213	11324	0.0470367	0.11234	54889	0.0423132	0.104416
C	76	0	4.09695	4.67754	2.07548	13800	0.0465343	0.111459	52413	0.0422223	0.104276
G	69	0	-4.05324	4.59666	1.9946	17696	0.0404693	0.099213	48517	0.0440882	0.108124
T	94	0	4.04362	4.579	1.97694	22097	0.045528	0.110942	44116	0.0419154	0.10315
C	54	0	3.99952	4.49685	1.89479	13306	0.046555	0.112421	52907	0.0422574	0.104087
T	70	0	3.97508	4.45277	1.85071	18524	0.0458185	0.110702	47689	0.0420732	0.103854
A	58	0	-3.94258	4.39301	1.79095	11829	0.0397731	0.100794	54384	0.0438492	0.106878
T	27	0	3.9381	4.38606	1.784	29449	0.04494	0.108598	36764	0.041664	0.103533
T	57	0	3.90926	4.33346	1.7314	16348	0.0459752	0.108414	49865	0.0421853	0.10495
G	95	0	-3.87146	4.26643	1.66437	35599	0.0416395	0.10351	30614	0.0448438	0.108436
C	7	0	-3.86636	4.25734	1.65528	27865	0.0412699	0.102861	38348	0.0444661	0.107913
G	90	0	3.8125	4.16166	1.5596	18013	0.045741	0.109443	48200	0.0421419	0.104428
C	9	0	3.80715	4.15266	1.5506	27079	0.0450164	0.108217	39134	0.0418095	0.104123
C	99	0	3.8068	4.15099	1.54893	12224	0.0466223	0.114528	53989	0.0423283	0.103741
T	92	0	3.79824	4.13701	1.53495	26257	0.0450736	0.109904	39956	0.0418379	0.103042
G	61	0	-3.73689	4.03019	1.42813	20274	0.0408446	0.102782	45939	0.0441257	0.10713
C	93	0	3.69768	3.9621	1.36004	12303	0.0464132	0.110495	53910	0.0423697	0.104719
T	71	0	-3.69459	3.95767	1.35561	23097	0.0410963	0.100126	43116	0.0442057	0.108744
C	86	0	3.69173	3.95238	1.35032	16372	0.0458653	0.111449	49841	0.0422196	0.1039
T	100	0	3.59395	3.78778	1.18572	24451	0.0450861	0.110199	41762	0.0419705	0.103166
C	37	0	3.54758	3.71029	1.10823	13136	0.046148	0.110324	53077	0.0423719	0.104672
C	90	0	3.54297	3.70295	1.10089	15945	0.0457927	0.110859	50268	0.0422736	0.104167
C	62	0	-3.49304	3.62143	1.01937	17308	0.0407942	0.0998021	48905	0.0439445	0.107868
A	64	0	3.47578	3.593	0.990938	12685	0.0461554	0.110431	53528	0.042402	0.104695
C	25	0	-3.47024	3.58216	0.980095	5296	0.0384683	0.101327	60917	0.0435255	0.106201
T	26	0	3.43726	3.53166	0.929597	32304	0.0445711	0.108593	33909	0.0417396	0.103106
C	64	0	-3.42139	3.50599	0.903929	17845	0.040822	0.104558	48368	0.0439692	0.106281
G	91	0	-3.40936	3.48699	0.884929	22468	0.0412068	0.10108	43745	0.0441042	0.108173
G	71	0	-3.38875	3.45412	0.852065	18346	0.0408912	0.104196	47867	0.0439756	0.106435
C	40	0	-3.30576	3.32403	0.721972	15707	0.0407316	0.102759	50506	0.0438641	0.106754
A	57	0	-3.29029	3.29998	0.697922	13532	0.0405208	0.102091	52681	0.0437889	0.106757
A	6	0	3.28183	3.28588	0.683824	7029	0.0472787	0.113195	59184	0.0426272	0.104908
T	3	0	-3.27823	3.28155	0.679486	16065	0.040774	0.103533	50148	0.0438729	0.106542
A	69	0	3.2731	3.27338	0.671322	12600	0.0460201	0.111886	53613	0.0424397	0.104342
T	13	0	3.2429	3.22775	0.625685	28951	0.044643	0.108599	37262	0.0419386	0.103609
T	74	0	3.23613	3.21736	0.615302	23738	0.0449254	0.109053	42475	0.0421126	0.103969
A	44	0	3.22316	3.19748	0.595418	16904	0.0454099	0.107594	49309	0.0423364	0.105205
A	79	0	3.16583	3.10909	0.507033	4421	0.0483229	0.113634	61792	0.0427489	0.105238
T	89	0	-3.1571	3.09849	0.496433	29341	0.0416761	0.102009	36872	0.0442708	0.108758
G	26	0	3.14176	3.07439	0.472334	6994	0.0470984	0.112746	59219	0.0426513	0.104971
T	88	0	3.03771	2.92353	0.321472	25380	0.0447244	0.109104	40833	0.0421245	0.103728
T	84	0	-3.0334	2.91728	0.315215	20938	0.0413082	0.103494	45275	0.0439594	0.10688
A	18	0	-2.97188	2.82908	0.227024	10495	0.0403867	0.102027	55718	0.0436361	0.106521
G	24	0	2.97132	2.8282	0.226142	10042	0.0461475	0.111875	56171	0.04258	0.104701
T	68	0	-2.93672	2.78008	0.178019	22720	0.0414859	0.101013	43493	0.0439752	0.108249
A	2	0	2.91924	2.75436	0.1523	5498	0.0472485	0.109841	60715	0.0427473	0.105449
T	12	0	2.91438	2.74894	0.146876	28237	0.0445184	0.108005	37976	0.042082	0.104168
T	98	0	2.89334	2.71972	0.117656	23477	0.0447374	0.107427	42736	0.0422331	0.104929
G	100	0	2.88476	2.70784	0.105776	21526	0.0448658	0.110019	44687	0.0422806	0.103739
T	1	0	-2.84607	2.65455	0.0524897	12728	0.0407799	0.102443	53485	0.0436782	0.10661
C	97	0	-2.84581	2.65431	0.052254	15203	0.041073	0.0990247	51010	0.0437314	0.107765
G	98	0	-2.84441	2.65256	0.0504995	24490	0.041611	0.10298	41723	0.0440074	0.107455
G	80	0	-2.83019	2.63323	0.0311656	25014	0.0416513	0.101434	41199	0.0440134	0.108399
C	53	0	2.82354	2.62399	0.0219341	14678	0.0453748	0.111088	51535	0.0424791	0.104273
A	42	0	-2.76297	2.54278	-0	16766	0.0411945	0.103779	49447	0.0437743	0.106506
A	37	0	2.76074	2.53994	-0	27840	0.0444654	0.109091	38373	0.0421457	0.103385
A	28	0	-2.72636	2.49446	-0	25461	0.0417194	0.10244	40752	0.0439967	0.107882
G	16	0	-2.65362	2.39897	-0	5808	0.0397255	0.101693	60405	0.0434475	0.106212
T	32	0	-2.63488	2.37569	-0	18858	0.0414117	0.105019	47355	0.0438017	0.106141
C	35	0	-2.63027	2.36954	-0	10255	0.0406929	0.100741	55958	0.043566	0.106728
T	45	0	2.62089	2.35784	-0	19697	0.0448118	0.109606	46516	0.0424051	0.104179
T	77	0	2.59906	2.33012	-0	18078	0.0448817	0.10743	48135	0.0424598	0.105213
C	38	0	2.59535	2.32534	-0	14555	0.0451717	0.108735	51658	0.0425432	0.104987
T	10	0	2.56674	2.28953	-0	26354	0.0444272	0.107742	39859	0.0422574	0.104535
G	58	0	-2.55739	2.27784	-0	30916	0.0420004	0.103445	35297	0.0441026	0.107863
C	95	0	2.54474	2.26174	-0	10239	0.0456923	0.112371	55974	0.0426507	0.10458
C	82	0	-2.53964	2.25562	-0	15898	0.0412998	0.102743	50315	0.0436965	0.106778
C	70	0	2.53758	2.25304	-0	15377	0.0450733	0.110177	50836	0.0425305	0.10447
T	99	0	-2.53656	2.25192	-0	27309	0.0418896	0.101872	38904	0.0439854	0.108511
C	1	0	2.45512	2.15223	-0	30958	0.0442001	0.107097	35255	0.0421735	0.104692
A	7	0	-2.39688	2.082	-0	6365	0.0401792	0.102655	59848	0.0434339	0.106155
C	79	0	-2.37097	2.05184	-0	14089	0.0412809	0.103077	52124	0.0436184	0.106554
A	43	0	-2.35421	2.03225	-0	16210	0.0414536	0.102771	50003	0.0436616	0.106795
C	8	0	2.32781	2.00162	-0	26831	0.0442898	0.108356	39382	0.0423248	0.104063
A	55	0	2.31187	1.98314	-0	17968	0.0447095	0.109111	48245	0.0425294	0.104573
A	27	0	-2.29002	1.95812	-0	23352	0.0418575	0.10355	42861	0.0438094	0.107043
C	73	0	2.2811	1.9479	-0	18385	0.0446682	0.10967	47828	0.0425263	0.104308
A	80	0	2.25158	1.91361	-0	3689	0.0470709	0.109882	62524	0.042888	0.105579
T	48	0	-2.21608	1.87464	-0	18419	0.0416832	0.102253	47794	0.0436752	0.107169
A	71	0	2.17886	1.83328	-0	9958	0.0453378	0.111051	56255	0.0427286	0.104872
A	29	0	-2.13476	1.78536	-0	27153	0.042074	0.103836	39060	0.0438489	0.107185
T	16	0	-2.12834	1.77842	-0	30127	0.0421663	0.103642	36086	0.0439181	0.107613
A	85	0	2.12541	1.77339	-0	1601	0.0497825	0.127442	64612	0.042956	0.105231
G	2	0	2.12296	1.77253	-0	15139	0.0447469	0.107903	51074	0.0426391	0.1052
G	87	0	-2.10712	1.75556	-0	21989	0.0418972	0.104953	44224	0.0437296	0.106255
A	90	0	2.07551	1.71807	-0	740	0.0522657	0.120689	65473	0.0430177	0.105644
T	95	0	2.06468	1.71041	-0	20264	0.0444029	0.106311	45949	0.0425557	0.105609
C	100	0	2.03666	1.68087	-0	10476	0.0450917	0.108426	55737	0.0427506	0.105329
T	8	0	-2.03004	1.6741	-0	21923	0.0419556	0.102036	44290	0.0436979	0.107651
G	27	0	-2.021	1.66439	-0	6136	0.0405608	0.103987	60077	0.0433825	0.106011
C	3	0	-2.00042	1.64341	-0	29960	0.0422184	0.104225	36253	0.043867	0.107129
T	87	0	-1.97132	1.61357	-0	28386	0.04219	0.103586	37827	0.0438197	0.107474
G	4	0	1.95683	1.59877	-0	13600	0.0447495	0.109916	52613	0.0427001	0.104741
C	6	0	-1.95203	1.59398	-0	28869	0.0422114	0.10407	37344	0.0438242	0.107162
C	10	0	1.90294	1.54475	-0	27979	0.0440369	0.106254	38234	0.0424508	0.10551
T	61	0	-1.87905	1.52109	-0	16431	0.0418187	0.100757	49782	0.0435509	0.107446
C	80	0	1.86514	1.5074	-0	13061	0.0447135	0.109891	53152	0.0427297	0.104802
C	94	0	1.84078	1.48365	-0	11087	0.0448152	0.106305	55126	0.0427803	0.105729
T	63	0	1.8369	1.4799	-0	12568	0.0447277	0.109872	53645	0.0427446	0.104855
G	25	0	1.78282	1.42804	-0	8372	0.0450871	0.108316	57841	0.0428365	0.10546
G	63	0	1.7824	1.42775	-0	18459	0.0443234	0.109216	47754	0.0426563	0.104485
A	84	0	-1.75661	1.40266	-0	1892	0.0392597	0.0967308	64321	0.0432346	0.106082
C	65	0	-1.74303	1.39073	-0	16124	0.0418634	0.105104	50089	0.0435259	0.106057
A	19	0	-1.71251	1.36241	-0	12092	0.0416579	0.10336	54121	0.0434479	0.106369
A	99	0	1.68762	1.33938	-0	4299	0.045887	0.111516	61914	0.042929	0.105419
T	37	0	1.66463	1.31877	-0	17922	0.0442454	0.105912	48291	0.0427038	0.105794
G	99	0	-1.64565	1.30171	-0	22381	0.04218	0.104436	43832	0.0436015	0.106529
T	34	0	1.64019	1.29681	-0	16908	0.0442809	0.106936	49305	0.0427233	0.105443
C	20	0	-1.6305	1.28817	-0	17064	0.0419849	0.105549	49149	0.0435155	0.105922
A	61	0	1.62566	1.28386	-0	16606	0.0443	0.109029	49607	0.0427264	0.104732
A	48	0	1.61861	1.2776	-0	15197	0.044367	0.109062	51016	0.0427499	0.104843
G	88	0	1.61488	1.27431	-0	20512	0.0441229	0.107854	45701	0.0426714	0.104903
G	9	0	-1.59835	1.25971	-0	11568	0.041719	0.103315	54645	0.0434178	0.10635
C	55	0	1.59333	1.2553	-0	11649	0.0445481	0.106672	54564	0.0428164	0.105645
T	46	0	1.58518	1.2482	-0	19970	0.0441082	0.104909	46243	0.0426947	0.10622
T	72	0	1.55466	1.22173	-0	21204	0.0440706	0.109677	45009	0.0426737	0.103963
G	59	0	-1.54448	1.21298	-0	26462	0.0423435	0.105422	39751	0.0436386	0.106095
T	30	0	-1.5276	1.19854	-0	25425	0.0423283	0.104751	40788	0.0436152	0.106491
C	29	0	1.48717	1.16433	-0	9463	0.0446501	0.108474	56750	0.0428661	0.105378
C	56	0	-1.37394	1.0719	-0	9897	0.0417927	0.103957	56316	0.0433545	0.106152
C	26	0	-1.35636	1.05793	-0	6214	0.041454	0.101302	59999	0.0432937	0.106284
C	31	0	-1.31161	1.02303	-0	11203	0.0419409	0.104132	55010	0.0433614	0.106169
T	9	0	1.30968	1.02157	-0	24490	0.043827	0.106904	41723	0.0427066	0.10519
C	36	0	1.30646	1.01906	-0	11573	0.0443068	0.107925	54640	0.0428699	0.105377
C	89	0	-1.28823	1.00507	-0	16908	0.0422162	0.105853	49305	0.0434313	0.105818
T	66	0	1.28451	1.00224	-0	19856	0.0439438	0.109374	46357	0.0427686	0.10427
A	68	0	-1.2381	0.967192	-0	12982	0.0420842	0.106602	53231	0.0433739	0.105637
A	86	0	1.21845	0.952214	-0	1317	0.0470171	0.117437	64896	0.043042	0.105578
C	60	0	1.2089	0.945551	-0	13604	0.0441218	0.109173	52609	0.0428623	0.104944
C	68	0	-1.20342	0.941533	-0	17080	0.042283	0.105553	49133	0.0434123	0.105922
C	39	0	1.19964	0.938757	-0	15444	0.0440265	0.10768	50769	0.0428456	0.105257
C	72	0	-1.18973	0.931522	-0	20210	0.0424026	0.100705	46003	0.0434366	0.108
A	82	0	1.18025	0.92445	-0	2579	0.0456793	0.112553	63634	0.0430173	0.105545
T	20	0	-1.17181	0.918509	-0	25034	0.0425073	0.103913	41179	0.0434941	0.106974
C	4	0	-1.14108	0.896467	-0	28981	0.0425907	0.104372	37232	0.0435338	0.106946
A	40	0	1.1384	0.894553	-0	18590	0.0438712	0.106018	47623	0.0428282	0.105753
G	10	0	-1.13632	0.893052	-0	9556	0.0419753	0.106696	56657	0.0433143	0.10568
G	18	0	1.12865	0.887612	-0	7944	0.0443704	0.105067	58269	0.0429507	0.10593
A	89	0	1.10138	0.868008	-0	859	0.0473036	0.11211	65354	0.0430661	0.105742
G	3	0	1.09037	0.860813	-0	14219	0.043979	0.105903	51994	0.0428864	0.105807
G	73	0	-1.07994	0.853592	-0	13993	0.0422613	0.106115	52220	0.0433514	0.10575
T	36	0	-1.04831	0.831939	-0	17906	0.0424199	0.10416	48307	0.0433809	0.106439
T	35	0	1.03433	0.822475	-0	17809	0.0438283	0.107245	48404	0.0428608	0.105301
C	57	0	-1.02621	0.816999	-0	9307	0.0420992	0.103184	56906	0.0432882	0.106253
T	73	0	-1.02117	0.813642	-0	26359	0.042608	0.103793	39854	0.0434604	0.107151
T	7	0	-1.01717	0.810962	-0	19095	0.0424706	0.104009	47118	0.0433846	0.106555
C	27	0	-1.00349	0.801824	-0	7276	0.041973	0.103089	58937	0.0432628	0.10616
A	41	0	0.995721	0.796704	-0	17505	0.0438088	0.106957	48708	0.0428739	0.105418
G	77	0	-0.992963	0.794886	-0	24185	0.0425809	0.106657	42028	0.0434319	0.105347
T	86	0	0.98079	0.786879	-0	23119	0.043679	0.108823	43094	0.0428217	0.104185
T	91	0	-0.967792	0.778387	-0	28482	0.0426628	0.105961	37731	0.043467	0.105726
C	46	0	-0.96721	0.778001	-0	14314	0.042373	0.104004	51899	0.0433273	0.106325
G	81	0	-0.95088	0.767422	-0	21801	0.0425603	0.106774	44412	0.0433963	0.10536
A	81	0	0.874511	0.719078	-0	3084	0.04481	0.110042	63129	0.0430385	0.105617
A	66	0	-0.83336	0.693942	-0	9117	0.0422802	0.103338	57096	0.0432553	0.10622
A	38	0	-0.830323	0.692119	-0	24669	0.0426781	0.105675	41544	0.043384	0.105918
T	14	0	0.81797	0.684683	-0	29879	0.0434926	0.106725	36334	0.0428155	0.105084
A	88	0	0.761752	0.651323	-0	1003	0.0457038	0.10824	65210	0.0430813	0.10579
C	30	0	-0.71248	0.62326	-0	10510	0.0424572	0.103739	55703	0.0432463	0.106217
T	15	0	0.69583	0.613913	-0	30162	0.043434	0.106032	36051	0.0428592	0.105657
C	5	0	0.678335	0.604183	-0	29136	0.0434364	0.10689	37077	0.0428732	0.104985
T	33	0	-0.631185	0.578459	-0	17013	0.0426848	0.103929	49200	0.0432719	0.106476
C	2	0	0.610223	0.567258	-0	31094	0.0433883	0.107777	35119	0.0428844	0.104071
G	96	0	-0.568913	0.545599	-0	31521	0.0428754	0.106425	34692	0.0433442	0.105282
A	65	0	0.513888	0.5176	-0	10533	0.0436061	0.105595	55680	0.0430293	0.105872
C	69	0	0.444514	0.48368	-0	15887	0.0434476	0.106386	50326	0.0430179	0.105651
G	17	0	0.417902	0.471064	-0	6783	0.0436268	0.105119	59430	0.0430633	0.105909
T	69	0	0.413731	0.469113	-0	20030	0.0433811	0.107064	46183	0.0430082	0.105287
A	39	0	0.374935	0.451174	-0	21032	0.0433484	0.107006	45181	0.0430152	0.105275
G	72	0	-0.373507	0.450522	-0	16343	0.0428496	0.107653	49870	0.04321	0.105223
A	73	0	-0.344324	0.437344	-0	7476	0.0427343	0.10269	58737	0.0431702	0.106221
C	83	0	0.256619	0.399313	-0	14855	0.0433182	0.106545	51358	0.043064	0.10562
A	56	0	-0.250927	0.396925	-0	15472	0.0429347	0.105389	50741	0.0431779	0.105962
G	49	0	0.230346	0.38837	-0	21243	0.043258	0.104528	44970	0.0430563	0.106437
G	1	0	-0.201281	0.376502	-0	16448	0.0429767	0.106215	49765	0.0431687	0.1057
A	83	0	-0.198423	0.375341	-0	2231	0.04269	0.104324	63982	0.0431361	0.10588
A	87	0	-0.184992	0.369946	-0	1182	0.04258	0.101385	65031	0.0431309	0.105907
C	58	0	-0.162639	0.361109	-0	8861	0.0429536	0.103843	57352	0.0431469	0.106131
A	1	0	-0.157718	0.359179	-0	6079	0.0429182	0.105168	60134	0.0431415	0.105895
T	11	0	0.156879	0.358853	-0	27746	0.043197	0.105603	38467	0.0430663	0.10599
G	57	0	-0.146205	0.354696	-0	27026	0.0430484	0.106935	39187	0.0431711	0.105058
A	72	0	-0.1314	0.348983	-0	8456	0.0429815	0.104364	57757	0.0431415	0.106041
C	85	0	0.124922	0.346505	-0	17432	0.0432078	0.107352	48781	0.04309	0.105278
C	98	0	-0.120259	0.344728	-0	13294	0.0430216	0.106938	52919	0.043146	0.105548
A	74	0	-0.110463	0.341014	-0	7067	0.042989	0.106364	59146	0.0431368	0.105764
A	54	0	-0.108005	0.340087	-0	19769	0.0430524	0.107288	46444	0.0431502	0.1052
T	80	0	0.105399	0.339106	-0	24449	0.043178	0.107356	41764	0.0430877	0.104923
G	97	0	0.0804351	0.329804	-0	27924	0.0431599	0.107129	38289	0.0430927	0.104869
T	62	0	0.0532675	0.319882	-0	13655	0.0431647	0.108211	52558	0.0431097	0.1052
A	98	0	0.048168	0.318043	-0	4952	0.0431926	0.108935	61261	0.0431152	0.105573
C	28	0	-0.0275615	0.310686	-0	8439	0.0430913	0.105998	57774	0.0431254	0.105803
