#kmer	position	shift	statistics	p-value	corrected.p	n1	mean1	std1	n2	mean2	std2
C	1	0	2.45512	2.15223	-0	30958	0.0442001	0.107097	35255	0.0421735	0.104692
A	2	0	2.91924	2.75436	0.1523	5498	0.0472485	0.109841	60715	0.0427473	0.105449
A	3	0	6.07781	9.19277	6.59071	5969	0.0519245	0.11852	60244	0.0422488	0.104446
A	4	0	6.90341	11.5628	8.9607	6666	0.0526266	0.120059	59547	0.0420569	0.10406
G	5	0	5.85008	8.60213	6.00007	12612	0.0483703	0.113839	53601	0.0418859	0.103815
G	6	0	5.74195	8.32274	5.72068	12423	0.0482486	0.111782	53790	0.0419368	0.104369
G	7	0	7.1636	12.3894	9.78731	12888	0.0495399	0.11566	53325	0.0415697	0.103252
G	8	0	5.10327	6.77306	4.171	12561	0.0477033	0.113562	53652	0.0420482	0.103905
C	9	0	3.80715	4.15266	1.5506	27079	0.0450164	0.108217	39134	0.0418095	0.104123
T	10	0	2.56674	2.28953	-0	26354	0.0444272	0.107742	39859	0.0422574	0.104535
C	11	0	6.64797	10.8242	8.22215	28131	0.0463385	0.110479	38082	0.0407443	0.102192
C	12	0	7.20576	12.5345	9.93245	28384	0.0465788	0.110407	37829	0.0405266	0.102181
C	13	0	6.14516	9.39579	6.79373	28274	0.0460768	0.109852	37939	0.0409183	0.102671
C	14	0	6.41061	10.1364	7.5343	27119	0.0463348	0.111078	39094	0.0408917	0.101969
C	15	0	5.03172	6.61282	4.01076	25030	0.0458163	0.109958	41183	0.0414829	0.103203
C	16	0	6.23719	9.64817	7.04611	22877	0.0467489	0.111951	43336	0.0412059	0.102397
C	17	0	9.94641	22.8541	20.2521	21016	0.0494027	0.115044	45197	0.0402001	0.101125
C	18	0	11.2073	28.6757	26.0737	20260	0.0504437	0.116091	45953	0.0398926	0.100804
C	19	0	6.23207	9.63294	7.03088	19613	0.0472087	0.112107	46600	0.0414006	0.103023
G	20	0	7.72356	14.2172	11.6151	10203	0.0513219	0.118893	56010	0.0416271	0.1032
G	21	0	7.24121	12.6324	10.0303	11080	0.0501744	0.113959	55133	0.0417035	0.10406
T	22	0	8.75711	17.9888	15.3867	30427	0.0470554	0.111215	35786	0.0397759	0.100901
T	23	0	10.8299	26.8827	24.2806	33116	0.0475697	0.111968	33097	0.0386698	0.0991054
T	24	0	8.82272	18.2427	15.6407	34796	0.0465497	0.110564	31417	0.0393237	0.100185
T	25	0	5.42032	7.52505	4.92299	34501	0.0452519	0.109062	31712	0.0408028	0.102144
T	26	0	3.43726	3.53166	0.929597	32304	0.0445711	0.108593	33909	0.0417396	0.103106
T	27	0	3.9381	4.38606	1.784	29449	0.04494	0.108598	36764	0.041664	0.103533
T	28	0	6.96946	11.7936	9.19159	27705	0.0465498	0.111347	38508	0.0406542	0.101601
T	29	0	5.01859	6.58325	3.98119	26825	0.0456483	0.109315	39388	0.0413998	0.103351
A	30	0	5.16575	6.92036	4.3183	28443	0.0455906	0.109587	37770	0.0412613	0.102868
A	31	0	9.63244	21.5198	18.9177	30540	0.0474348	0.111668	35673	0.039428	0.100413
A	32	0	10.9557	27.4815	24.8795	33338	0.0475879	0.111415	32875	0.0385913	0.0996395
A	33	0	11.3515	29.4106	26.8085	35013	0.0474892	0.112307	31200	0.0382191	0.0978165
A	34	0	8.23797	16.0498	13.4478	35018	0.0462974	0.11098	31195	0.0395554	0.0996073
A	35	0	6.9914	11.8621	9.26003	33093	0.0459966	0.110211	33120	0.0402478	0.101177
A	36	0	5.43382	7.55781	4.95575	30571	0.0455447	0.109211	35642	0.0410422	0.102792
C	37	0	3.54758	3.71029	1.10823	13136	0.046148	0.110324	53077	0.0423719	0.104672
T	38	0	5.80053	8.47657	5.87451	18225	0.0471216	0.111496	47988	0.0416017	0.103554
T	39	0	6.07604	9.20586	6.6038	19391	0.0471325	0.111758	46822	0.0414597	0.103227
T	40	0	9.28962	20.0871	17.485	20013	0.0491983	0.114499	46200	0.0404884	0.10173
T	41	0	13.9828	43.8828	41.2808	20796	0.0521842	0.118607	45417	0.0389711	0.099154
T	42	0	17.6672	69.1427	66.5406	22133	0.0540451	0.119564	44080	0.0376359	0.0977501
T	43	0	15.9209	56.4619	53.8598	22422	0.0528349	0.119005	43791	0.0381473	0.0980287
T	44	0	11.4588	29.9224	27.3203	21532	0.0503045	0.117514	44681	0.0396593	0.0995238
A	45	0	16.87	63.1415	60.5394	19457	0.0547697	0.120659	46756	0.0382735	0.0985993
A	46	0	11.0679	27.9875	25.3855	17918	0.0511855	0.118927	48295	0.040129	0.100371
A	47	0	6.49524	10.3749	7.77281	16676	0.0479402	0.113217	49537	0.0414987	0.103171
C	48	0	8.67308	17.6469	15.0449	14444	0.0504599	0.118396	51769	0.0410734	0.101952
C	49	0	13.4047	40.369	37.7669	14282	0.0549183	0.123372	51931	0.0398766	0.100224
C	50	0	20.3627	90.8841	88.282	15992	0.0606005	0.132694	50221	0.037555	0.0950303
A	51	0	46.2031	inf	inf	21797	0.0760158	0.148533	44416	0.026978	0.0712553
A	52	0	6.23518	9.64256	7.0405	22241	0.0467895	0.109557	43972	0.0412655	0.103842
T	53	0	11.6631	30.9139	28.3119	15028	0.0527941	0.119526	51185	0.040281	0.101281
T	54	0	9.30126	20.1123	17.5102	12941	0.051629	0.119114	53272	0.0410543	0.102234
T	55	0	7.74409	14.292	11.6899	11796	0.0506789	0.119827	54417	0.0414827	0.102468
T	56	0	10.2283	24.0485	21.4464	11243	0.0534691	0.120631	54970	0.0410045	0.102409
T	57	0	3.90926	4.33346	1.7314	16348	0.0459752	0.108414	49865	0.0421853	0.10495
T	58	0	6.29553	9.80652	7.20446	14607	0.0483058	0.115375	51606	0.0416535	0.102918
T	59	0	10.3085	24.4258	21.8238	13749	0.0523835	0.122535	52464	0.0406937	0.100853
T	60	0	9.98606	22.9886	20.3865	12172	0.0529181	0.123603	54041	0.0409144	0.101265
C	61	0	4.24805	4.9652	2.36314	12902	0.0468392	0.112344	53311	0.0422212	0.10417
A	62	0	7.63471	13.931	11.329	16225	0.0489837	0.115698	49988	0.0412181	0.102348
A	63	0	7.4003	13.1524	10.5503	14607	0.049181	0.114505	51606	0.0414058	0.103175
G	64	0	5.00383	6.54891	3.94685	18260	0.0465646	0.111354	47953	0.0418098	0.103616
G	65	0	7.53885	13.6124	11.0104	17757	0.0485323	0.115154	48456	0.041138	0.102126
G	66	0	7.92651	14.9312	12.3291	16713	0.0490747	0.115494	49500	0.0411108	0.10228
G	67	0	7.69605	14.1367	11.5346	15295	0.0493019	0.116333	50918	0.0412644	0.10239
G	68	0	5.64178	8.069	5.46694	13431	0.0479549	0.113003	52782	0.041891	0.103887
A	69	0	3.2731	3.27338	0.671322	12600	0.0460201	0.111886	53613	0.0424397	0.104342
A	70	0	4.12206	4.72419	2.12213	11324	0.0470367	0.11234	54889	0.0423132	0.104416
C	71	0	5.53034	7.79162	5.18956	14812	0.0475498	0.11251	51401	0.0418448	0.103788
T	72	0	1.55466	1.22173	-0	21204	0.0440706	0.109677	45009	0.0426737	0.103963
C	73	0	2.2811	1.9479	-0	18385	0.0446682	0.10967	47828	0.0425263	0.104308
C	74	0	7.16213	12.3903	9.78829	17460	0.0483428	0.115735	48753	0.0412509	0.101982
C	75	0	7.31608	12.8806	10.2786	15699	0.0488106	0.114068	50514	0.0413528	0.103069
A	76	0	5.95188	8.85985	6.25779	6798	0.0510911	0.117871	59415	0.0422091	0.104323
A	77	0	5.33446	7.30667	4.70461	6214	0.0505421	0.116239	59999	0.0423524	0.104661
A	78	0	6.48654	10.3242	7.72214	5392	0.0537892	0.127805	60821	0.0421753	0.103602
G	79	0	7.53129	13.5906	10.9885	21372	0.0477747	0.113282	44841	0.040903	0.102009
A	80	0	2.25158	1.91361	-0	3689	0.0470709	0.109882	62524	0.042888	0.105579
T	81	0	5.28936	7.21	4.60794	23171	0.0461432	0.110239	43042	0.0414941	0.103339
T	82	0	6.40845	10.1285	7.52646	21040	0.0471483	0.114194	45173	0.0412453	0.101642
G	83	0	4.52849	5.52616	2.9241	24784	0.0455841	0.111783	41429	0.0416476	0.102071
G	84	0	8.37178	16.5348	13.9327	23923	0.0478623	0.114412	42290	0.040439	0.10055
G	85	0	8.62227	17.4679	14.8659	21739	0.0484132	0.114699	44474	0.0405342	0.101109
C	86	0	3.69173	3.95238	1.35032	16372	0.0458653	0.111449	49841	0.0422196	0.1039
C	87	0	4.59579	5.66409	3.06203	14656	0.046804	0.111545	51557	0.0420741	0.104122
T	88	0	3.03771	2.92353	0.321472	25380	0.0447244	0.109104	40833	0.0421245	0.103728
G	89	0	4.25817	4.98576	2.3837	19105	0.0459528	0.111085	47108	0.0419726	0.103598
G	90	0	3.8125	4.16166	1.5596	18013	0.045741	0.109443	48200	0.0421419	0.104428
C	91	0	4.16414	4.8045	2.20244	14633	0.0464716	0.111998	51580	0.0421705	0.103992
C	92	0	4.94072	6.40635	3.80429	13637	0.0473398	0.113959	52576	0.0420268	0.103587
T	93	0	4.42133	5.30843	2.70637	24163	0.0455612	0.110092	42050	0.0417189	0.103272
T	94	0	4.04362	4.579	1.97694	22097	0.045528	0.110942	44116	0.0419154	0.10315
C	95	0	2.54474	2.26174	-0	10239	0.0456923	0.112371	55974	0.0426507	0.10458
T	96	0	4.7617	6.01593	3.41387	18991	0.0463239	0.112343	47222	0.0418329	0.103064
T	97	0	5.65746	8.11068	5.50862	18093	0.0470485	0.111727	48120	0.0416443	0.103485
T	98	0	2.89334	2.71972	0.117656	23477	0.0447374	0.107427	42736	0.0422331	0.104929
C	99	0	3.8068	4.15099	1.54893	12224	0.0466223	0.114528	53989	0.0423283	0.103741
T	100	0	3.59395	3.78778	1.18572	24451	0.0450861	0.110199	41762	0.0419705	0.103166
T	1	0	-2.84607	2.65455	0.0524897	12728	0.0407799	0.102443	53485	0.0436782	0.10661
T	2	0	-5.2374	7.08577	4.48371	14482	0.0392805	0.0974134	51731	0.0441962	0.108042
T	3	0	-3.27823	3.28155	0.679486	16065	0.040774	0.103533	50148	0.0438729	0.106542
T	4	0	-6.17873	9.48548	6.88342	16966	0.0389867	0.0984754	49247	0.0445453	0.108209
T	5	0	-10.0669	23.3801	20.778	17338	0.0366448	0.0944263	48875	0.0454184	0.109496
T	6	0	-5.67135	8.14621	5.54415	17892	0.0393951	0.1011	48321	0.0445006	0.107493
C	7	0	-3.86636	4.25734	1.65528	27865	0.0412699	0.102861	38348	0.0444661	0.107913
A	8	0	-10.8676	26.8405	24.2384	4898	0.0301838	0.0847074	61315	0.0441545	0.107269
A	9	0	-11.7772	31.0212	28.4192	3076	0.0260874	0.0807515	63137	0.0439509	0.10683
A	10	0	-15.4722	51.4524	48.8503	2324	0.0219938	0.065102	63889	0.0438895	0.106939
A	11	0	-12.9642	37.0518	34.4498	2618	0.0250413	0.071054	63595	0.0438653	0.106952
G	12	0	-13.4606	40.4668	37.8648	6289	0.0293358	0.0826554	59924	0.0445678	0.10787
G	13	0	-12.9682	37.5455	34.9434	4823	0.028261	0.0803698	61390	0.0442885	0.107486
G	14	0	-8.90277	18.4311	15.8291	4210	0.0317049	0.0843564	62003	0.0438962	0.107086
G	15	0	-7.0243	11.9228	9.32077	4827	0.0344149	0.087895	61386	0.0438056	0.107081
A	16	0	-4.3109	5.0857	2.48364	7401	0.0384581	0.0976743	58812	0.0437078	0.106796
T	17	0	-6.95315	11.744	9.14198	29660	0.0399718	0.101438	36553	0.0456764	0.109194
T	18	0	-9.83968	22.4039	19.8019	27514	0.0384113	0.0990216	38699	0.0464696	0.11029
T	19	0	-7.99787	15.1907	12.5886	25412	0.0390433	0.099724	40801	0.0456607	0.109381
A	20	0	-4.63121	5.73815	3.13609	13912	0.0396044	0.0988823	52301	0.0440564	0.107581
C	21	0	-9.45247	20.7389	18.1369	12594	0.0356926	0.0954952	53619	0.0448658	0.108038
C	22	0	-14.2618	45.3485	42.7465	8096	0.0299039	0.0859964	58117	0.0449622	0.108175
A	23	0	-12.3701	34.6453	32.0432	16609	0.0350565	0.0924087	49604	0.0458213	0.109824
A	24	0	-9.46358	20.8005	18.1985	16952	0.0368858	0.0959796	49261	0.0452667	0.108929
A	25	0	-5.60138	7.97012	5.36806	18044	0.0395001	0.0993357	48169	0.0444774	0.108129
A	26	0	-5.24615	7.10779	4.50573	20701	0.0400149	0.100129	45512	0.0445339	0.108292
A	27	0	-2.29002	1.95812	-0	23352	0.0418575	0.10355	42861	0.0438094	0.107043
G	28	0	-10.1788	23.703	21.101	4608	0.0303053	0.087072	61605	0.0440796	0.107037
G	29	0	-13.6221	40.7204	38.1183	2772	0.0236998	0.0750894	63441	0.0439696	0.10689
G	30	0	-16.4334	56.8688	54.2668	1835	0.0196269	0.0603533	64378	0.0437907	0.106765
G	31	0	-17.6109	65.2614	62.6593	2117	0.0203617	0.0582691	64096	0.0438727	0.106956
G	32	0	-16.0528	55.4328	52.8308	2627	0.0224042	0.0653487	63586	0.0439769	0.107086
G	33	0	-17.8274	68.1972	65.5951	3272	0.0225511	0.064969	62941	0.0441904	0.107421
G	34	0	-15.8973	55.2581	52.656	4238	0.0250721	0.073786	61975	0.0443553	0.107561
G	35	0	-15.4196	52.3389	49.7368	5056	0.0267333	0.0757155	61157	0.0444758	0.107831
G	36	0	-11.2878	28.9069	26.3049	6163	0.030909	0.0870889	60050	0.0443744	0.107488
G	37	0	-14.3064	45.5841	42.982	7315	0.0298142	0.0808601	58898	0.0447737	0.108415
G	38	0	-11.7026	31.0548	28.4527	8764	0.0326428	0.0868485	57449	0.0447195	0.108343
G	39	0	-11.3891	29.5166	26.9145	10346	0.0337886	0.0869635	55867	0.0448493	0.108876
G	40	0	-10.3498	24.6142	22.0122	11903	0.0348844	0.0929044	54310	0.0449262	0.108371
G	41	0	-11.4344	29.7736	27.1716	13367	0.0347411	0.0908579	52846	0.0452407	0.109188
G	42	0	-11.2211	28.7278	26.1257	14324	0.0350943	0.0930341	51889	0.0453368	0.108992
G	43	0	-12.0614	32.9984	30.3964	15811	0.0350222	0.0923895	50402	0.0456616	0.109582
G	44	0	-12.0146	32.7534	30.1513	15822	0.035065	0.0922421	50391	0.0456505	0.109625
G	45	0	-15.4338	53.0962	50.4942	14565	0.0325101	0.0889163	51648	0.0461134	0.109944
G	46	0	-15.5923	54.145	51.5429	14011	0.0321649	0.0888626	52202	0.0460617	0.109751
G	47	0	-19.3293	82.3353	79.7332	14638	0.0304925	0.0823413	51575	0.0467053	0.111337
G	48	0	-8.63739	17.5247	14.9226	18153	0.0376975	0.0951561	48060	0.0451696	0.109519
A	49	0	-9.59187	21.3235	18.7215	13348	0.0359065	0.0942031	52865	0.0449426	0.108491
T	50	0	-25.6937	143.486	140.884	12002	0.0264107	0.0692573	54211	0.0468206	0.11199
G	51	0	-32.8494	233.44	230.838	15766	0.0244324	0.0685626	50447	0.0489617	0.1144
G	52	0	-6.88263	11.5224	8.92032	15069	0.0381413	0.0990124	51144	0.0445883	0.10771
G	53	0	-8.40223	16.6357	14.0336	13661	0.0367779	0.0965659	52552	0.0447699	0.108045
G	54	0	-13.4824	40.9275	38.3255	20197	0.0354745	0.0889921	46016	0.0464772	0.11226
G	55	0	-10.6145	25.8702	23.2681	24800	0.0377049	0.0950912	41413	0.0463644	0.111639
G	56	0	-7.48541	13.4424	10.8403	29601	0.0397321	0.100266	36612	0.045861	0.110044
A	57	0	-3.29029	3.29998	0.697922	13532	0.0405208	0.102091	52681	0.0437889	0.106757
A	58	0	-3.94258	4.39301	1.79095	11829	0.0397731	0.100794	54384	0.0438492	0.106878
C	59	0	-6.33797	9.92748	7.32542	14921	0.0386965	0.0929813	51292	0.0444081	0.109248
A	60	0	-6.83424	11.3777	8.77566	17259	0.038695	0.0950129	48954	0.0446815	0.109344
G	61	0	-3.73689	4.03019	1.42813	20274	0.0408446	0.102782	45939	0.0441257	0.10713
G	62	0	-4.64384	5.76556	3.1635	19025	0.0402067	0.100267	47188	0.044296	0.107967
C	63	0	-11.1278	28.3022	25.7001	20579	0.03676	0.0926662	45634	0.0459896	0.111136
T	64	0	-5.30562	7.24797	4.64591	17423	0.0396575	0.0972335	48790	0.0443578	0.108706
T	65	0	-6.56465	10.5793	7.97725	21799	0.039409	0.0980753	44414	0.044943	0.109386
C	66	0	-9.12441	19.4261	16.8241	20527	0.0378511	0.0943043	45686	0.0454888	0.110534
A	67	0	-9.70477	21.8061	19.204	14361	0.0363302	0.090187	51852	0.0450018	0.109692
T	68	0	-2.93672	2.78008	0.178019	22720	0.0414859	0.101013	43493	0.0439752	0.108249
G	69	0	-4.05324	4.59666	1.9946	17696	0.0404693	0.099213	48517	0.0440882	0.108124
G	70	0	-10.4443	25.0817	22.4797	20988	0.0371972	0.0935997	45225	0.0458702	0.110939
T	71	0	-3.69459	3.95767	1.35561	23097	0.0410963	0.100126	43116	0.0442057	0.108744
C	72	0	-1.18973	0.931522	-0	20210	0.0424026	0.100705	46003	0.0434366	0.108
G	73	0	-1.07994	0.853592	-0	13993	0.0422613	0.106115	52220	0.0433514	0.10575
G	74	0	-12.134	33.3975	30.7955	17948	0.0357067	0.0895387	48265	0.0458781	0.111153
G	75	0	-16.6503	61.6648	59.0627	21337	0.034083	0.0869936	44876	0.0474183	0.113442
G	76	0	-13.6841	42.1377	39.5357	25711	0.0363673	0.0928331	40502	0.0474083	0.113098
C	77	0	-5.61345	8.00029	5.39823	17736	0.0394628	0.0988184	48477	0.0444594	0.108249
T	78	0	-6.78377	11.2278	8.62576	22358	0.0393843	0.0961986	43855	0.0450261	0.110366
T	79	0	-7.3972	13.1521	10.5501	26331	0.039455	0.0992793	39882	0.0455414	0.109871
G	80	0	-2.83019	2.63323	0.0311656	25014	0.0416513	0.101434	41199	0.0440134	0.108399
C	81	0	-5.44045	7.57276	4.9707	18157	0.0396506	0.09779	48056	0.0444323	0.108682
G	82	0	-4.75571	6.00393	3.40187	26696	0.0407844	0.0998466	39517	0.0446995	0.109656
T	83	0	-4.92994	6.3846	3.78254	24343	0.0405325	0.099012	41870	0.044626	0.109568
C	84	0	-5.75022	8.3479	5.74584	19460	0.0396184	0.09765	46753	0.0445789	0.109018
T	85	0	-9.9967	23.0854	20.4833	25441	0.0381203	0.0945329	40772	0.0462414	0.112189
G	86	0	-4.88167	6.2779	3.67584	25405	0.0406427	0.0983925	40808	0.0446639	0.110176
G	87	0	-2.10712	1.75556	-0	21989	0.0418972	0.104953	44224	0.0437296	0.106255
C	88	0	-5.36193	7.38298	4.78092	19318	0.0398167	0.0988564	46895	0.0444822	0.108541
T	89	0	-3.1571	3.09849	0.496433	29341	0.0416761	0.102009	36872	0.0442708	0.108758
T	90	0	-7.1346	12.3095	9.70749	31515	0.040057	0.100526	34698	0.0459039	0.11035
G	91	0	-3.40936	3.48699	0.884929	22468	0.0412068	0.10108	43745	0.0441042	0.108173
G	92	0	-9.68982	21.7625	19.1604	25802	0.0383157	0.0948972	40411	0.0461892	0.112144
G	93	0	-8.19521	15.8951	13.293	29392	0.0393973	0.0990976	36821	0.0460935	0.110818
G	94	0	-5.54549	7.83231	5.23025	32804	0.0408215	0.101795	33409	0.0453789	0.109597
G	95	0	-3.87146	4.26643	1.66437	35599	0.0416395	0.10351	30614	0.0448438	0.108436
A	96	0	-19.4027	82.0205	79.4185	6071	0.0274207	0.0601093	60142	0.0447059	0.109261
A	97	0	-6.26608	9.70362	7.10156	4993	0.0349078	0.0954343	61220	0.0437909	0.106603
G	98	0	-2.84441	2.65256	0.0504995	24490	0.041611	0.10298	41723	0.0440074	0.107455
T	99	0	-2.53656	2.25192	-0	27309	0.0418896	0.101872	38904	0.0439854	0.108511
A	100	0	-13.9409	43.509	40.9069	9760	0.0322347	0.0781211	56453	0.0450031	0.109803
