#kmer	position	shift	statistics	p-value	corrected.p	n1	mean1	std1	n2	mean2	std2
T	1	0	0.770003	0.656279	-0	9371	0.114801	3.49607	39693	0.0868736	0.665204
G	2	0	1.16372	0.912642	-0	11230	0.119053	3.14409	37834	0.0842392	0.746514
A	3	0	1.2177	0.951944	-0	4444	0.174686	4.95986	44620	0.0839931	0.714049
A	4	0	1.19289	0.93377	-0	4942	0.111776	1.15141	44122	0.0900158	1.68689
A	5	0	1.60197	1.26285	-0	5315	0.112306	0.834039	43749	0.0897659	1.71321
G	6	0	1.55076	1.21836	-0	9251	0.107153	0.751228	39813	0.088735	1.78521
G	7	0	1.02476	0.816041	-0	9589	0.101276	0.607411	39475	0.0900047	1.8047
A	8	0	0.890221	0.728848	-0	3639	0.168602	5.58849	45425	0.0860877	0.637022
G	9	0	0.766957	0.654513	-0	8612	0.101286	1.06362	40452	0.0902748	1.73922
T	10	0	0.726698	0.631324	-0	19533	0.100076	2.44506	29531	0.0870029	0.720494
A	11	0	0.70769	0.620492	-0	1931	0.207771	7.46833	47133	0.0874731	0.719157
A	12	0	0.589521	0.556294	-0	2423	0.16812	6.6658	46641	0.088264	0.723752
C	13	0	0.698194	0.615235	-0	20999	0.0975805	0.795688	28065	0.0881875	2.05753
T	14	0	1.63293	1.29032	-0	22130	0.106816	2.38479	26934	0.0802044	0.481316
C	15	0	1.7288	1.37747	-0	18573	0.112563	2.53071	30491	0.0798085	0.656557
C	16	0	0.865116	0.713342	-0	16987	0.0995386	0.967044	32077	0.0883253	1.90346
C	17	0	2.20566	1.86293	-0	15620	0.125876	2.76756	33444	0.0764829	0.609914
C	18	0	2.11725	1.76645	-0	15088	0.110573	0.893411	33976	0.084052	1.87978
C	19	0	1.04061	0.826726	-0	14594	0.100718	0.657655	34470	0.0886045	1.91033
C	20	0	1.23964	0.96833	-0	12653	0.117206	3.03189	36411	0.0835205	0.658424
G	21	0	1.83048	1.47373	-0	8234	0.110821	0.775505	40830	0.0884539	1.7647
G	22	0	1.61437	1.27375	-0	8600	0.143989	3.5913	40464	0.0812023	0.723158
G	23	0	1.21662	0.951202	-0	8449	0.131937	3.61053	40615	0.0839429	0.735148
G	24	0	1.10094	0.868148	-0	7486	0.108199	1.29685	41578	0.0893284	1.69542
T	25	0	1.8492	1.49188	-0	25583	0.104881	2.17292	23481	0.0784	0.693897
G	26	0	0.745185	0.641904	-0	5268	0.0998881	0.58694	43796	0.0912838	1.72481
T	27	0	0.447313	0.48502	-0	21882	0.0956441	0.916083	27182	0.0894412	2.0456
T	28	0	1.98411	1.62658	-0	20612	0.112053	2.41398	28452	0.0778303	0.648906
A	29	0	0.546951	0.534306	-0	20215	0.0978282	2.41389	28849	0.0882692	0.704437
A	30	0	0.916286	0.745299	-0	21175	0.100941	2.35922	27889	0.0855767	0.714711
A	31	0	2.00299	1.646	-0	22824	0.10909	2.30225	26240	0.077523	0.650975
A	32	0	0.792427	0.669466	-0	24974	0.0980618	0.643775	24090	0.0861386	2.24815
G	33	0	0.555073	0.538431	-0	2535	0.160381	6.51844	46529	0.0884934	0.723889
A	34	0	2.51712	2.22779	-0	26376	0.108356	2.19367	22688	0.0734342	0.477151
A	35	0	2.68572	2.44118	-0	24932	0.111488	2.25862	24132	0.0722884	0.450662
A	36	0	1.94407	1.58589	-0	23152	0.108131	2.24206	25912	0.0779804	0.77874
T	37	0	0.943008	0.762339	-0	13284	0.109796	2.91352	35780	0.0856777	0.735174
T	38	0	1.15371	0.905459	-0	13449	0.113211	2.86934	35615	0.0842761	0.774646
T	39	0	1.66006	1.3146	-0	14324	0.120667	2.86846	34740	0.0804734	0.640044
A	40	0	1.56376	1.22953	-0	14231	0.118984	2.84211	34833	0.081268	0.701479
T	41	0	2.08658	1.73352	-0	15399	0.124094	2.71846	33665	0.0776221	0.736979
T	42	0	2.7458	2.5198	-0	16388	0.131132	2.68554	32676	0.0726858	0.65169
T	43	0	3.57562	3.75652	1.15446	16611	0.143012	2.7503	32453	0.0662035	0.443882
T	44	0	2.63681	2.37796	-0	15919	0.131215	2.72676	33145	0.0734729	0.643136
A	45	0	1.92346	1.5652	-0	14521	0.107909	0.646903	34543	0.0856071	1.91006
A	46	0	2.66561	2.41488	-0	13257	0.143665	3.0276	35807	0.0731564	0.542543
A	47	0	2.08626	1.73328	-0	12359	0.112469	0.991147	36705	0.0853854	1.80781
C	48	0	1.03561	0.823342	-0	10763	0.101762	0.76141	38301	0.0895228	1.81279
C	49	0	4.11826	4.71809	2.11603	10708	0.13575	1.04001	38356	0.0800517	1.77245
C	50	0	4.04449	4.57873	1.97667	12037	0.181143	3.18301	37027	0.0632957	0.52039
A	51	0	7.6536	13.9867	11.3846	16387	0.204828	2.82569	32677	0.0357302	0.170709
A	52	0	2.19498	1.85112	-0	16451	0.123133	2.67826	32613	0.0766081	0.657025
T	53	0	3.20118	3.1644	0.562336	11235	0.122678	0.86054	37829	0.0831582	1.80884
T	54	0	3.11033	3.02912	0.427058	9698	0.122587	0.806203	39366	0.0847235	1.78758
T	55	0	3.4065	3.48163	0.879565	8772	0.140979	1.43168	40292	0.0815896	1.68281
T	56	0	3.44821	3.54848	0.946416	8404	0.135508	1.14646	40660	0.0832578	1.72538
T	57	0	1.20594	0.943384	-0	12031	0.103719	0.925038	37033	0.0884678	1.81362
T	58	0	1.2628	0.985751	-0	10801	0.104748	0.918676	38263	0.0886678	1.79285
T	59	0	2.04929	1.69402	-0	10261	0.146018	3.34573	38803	0.0779781	0.665941
T	60	0	2.81784	2.61628	0.014223	9078	0.123917	1.0169	39986	0.0850086	1.75179
C	61	0	1.04962	0.8328	-0	9628	0.121633	3.4038	39436	0.0850235	0.721834
A	62	0	1.88589	1.52773	-0	12081	0.133412	3.17129	36983	0.0787475	0.534868
T	63	0	1.49913	1.17433	-0	9315	0.137611	3.59876	39749	0.0815675	0.536572
G	64	0	0.659764	0.593964	-0	13610	0.0977147	0.672515	35454	0.0900936	1.88481
A	65	0	0.772717	0.657873	-0	7836	0.10199	1.10163	41228	0.0903482	1.72442
G	66	0	1.57336	1.23792	-0	12481	0.105905	0.729027	36583	0.0875344	1.85196
T	67	0	2.00769	1.65076	-0	13673	0.129099	2.95541	35391	0.0779551	0.597964
G	68	0	1.41389	1.10401	-0	10040	0.107519	1.02975	39024	0.0882684	1.76419
A	69	0	1.04706	0.831064	-0	9343	0.1224	3.42327	39721	0.0851059	0.754427
T	70	0	1.59145	1.25364	-0	13781	0.120995	2.92639	35283	0.0809637	0.631575
C	71	0	1.25326	0.978567	-0	11064	0.102844	0.587956	38000	0.0891107	1.83734
G	72	0	0.612707	0.568571	-0	12072	0.105056	3.02433	36992	0.0880148	0.765672
A	73	0	0.978534	0.78537	-0	5578	0.108548	1.27158	43486	0.0901116	1.6824
C	74	0	1.41015	1.10095	-0	12987	0.119184	2.92995	36077	0.0824968	0.755744
A	75	0	1.29278	1.00854	-0	5167	0.106597	0.672075	43897	0.0905139	1.71938
A	76	0	1.16284	0.912032	-0	5080	0.103542	0.506991	43984	0.0908986	1.72448
A	77	0	1.32881	1.03635	-0	4673	0.110116	0.855389	44391	0.0903224	1.70262
G	78	0	1.52136	1.19319	-0	17400	0.111613	2.54033	31664	0.081544	0.790963
A	79	0	1.3979	1.09094	-0	3307	0.120374	1.15847	45757	0.0901719	1.67035
A	80	0	1.08617	0.857784	-0	2747	0.123809	1.56483	46317	0.0903334	1.64528
T	81	0	1.70152	1.35231	-0	17226	0.11473	2.63823	31838	0.0800219	0.618922
A	82	0	0.67621	0.602969	-0	1923	0.10242	0.601134	47141	0.091791	1.66962
C	83	0	1.05269	0.834894	-0	11065	0.117059	3.18232	37999	0.0849712	0.726231
G	84	0	1.71733	1.36686	-0	17747	0.113599	2.53675	31317	0.0800852	0.755817
A	85	0	0.44822	0.485409	-0	1208	0.10523	1.00137	47856	0.0918789	1.65384
A	86	0	0.971534	0.780527	-0	984	0.152117	1.96005	48080	0.0909815	1.63369
T	87	0	0.464723	0.493404	-0	20941	0.096701	2.35021	28123	0.0888618	0.764554
G	88	0	1.50062	1.17563	-0	15227	0.116108	2.82498	33837	0.0814523	0.559047
A	89	0	1.93368	1.5723	-0	656	0.161532	0.910672	48408	0.0912682	1.64855
C	90	0	1.32782	1.03559	-0	11856	0.12139	3.13434	37208	0.0829088	0.647905
T	91	0	0.732509	0.634638	-0	21088	0.0992499	2.37501	27976	0.0868992	0.685711
T	92	0	1.54988	1.21758	-0	19475	0.109268	2.50271	29589	0.0809785	0.58467
C	93	0	0.950745	0.767334	-0	9176	0.100926	0.654427	39888	0.090202	1.7926
C	94	0	1.31683	1.02707	-0	8283	0.108567	1.11525	40781	0.0888849	1.72822
T	95	0	0.412757	0.468658	-0	15115	0.0955595	0.660115	33949	0.0907153	1.92284
C	96	0	1.22555	0.957846	-0	7183	0.106539	0.911891	41881	0.0897496	1.73542
T	97	0	1.48738	1.16456	-0	13514	0.105594	0.886546	35550	0.087119	1.84857
A	98	0	0.781444	0.662949	-0	3647	0.15739	5.43793	45417	0.0869734	0.730629
C	99	0	1.14899	0.902067	-0	9087	0.126673	3.49205	39977	0.0843735	0.729639
T	100	0	1.52604	1.19717	-0	18160	0.110927	2.58517	30904	0.0812079	0.589278
A	1	0	-0.998987	0.798854	-0	4496	0.0818283	0.540503	44568	0.0932547	1.71309
T	2	0	-1.48619	1.16356	-0	10759	0.079379	0.613365	38305	0.0958109	1.82841
T	3	0	-2.54212	2.25879	-0	11854	0.0720579	0.427066	37210	0.0986267	1.8687
C	4	0	-0.850323	0.704266	-0	21533	0.0857969	0.587756	27531	0.0972217	2.12796
C	5	0	-1.55507	1.22207	-0	21584	0.0805543	0.479549	27480	0.101361	2.15094
C	6	0	-0.993778	0.795423	-0	21381	0.084565	0.842696	27683	0.0981104	2.05513
A	7	0	-1.70491	1.35545	-0	4718	0.0765049	0.41829	44346	0.0938782	1.72057
C	8	0	-1.1617	0.91122	-0	19844	0.0834029	0.51627	29220	0.0981871	2.08327
T	9	0	-1.28953	1.00607	-0	18148	0.0823586	0.491071	30916	0.0979891	2.03259
A	10	0	-7.31452	12.8719	10.2698	1678	0.0290732	0.188015	47386	0.0944433	1.66928
G	11	0	-2.85999	2.67379	0.07173	5714	0.0674301	0.38771	43350	0.0954736	1.73998
G	12	0	-1.15489	0.906274	-0	4643	0.0726679	1.15112	44421	0.09425	1.68387
G	13	0	-7.41402	13.2058	10.6038	3570	0.0346155	0.151163	45494	0.096727	1.70345
A	14	0	-5.0028	6.54708	3.94502	3733	0.0505413	0.252588	45331	0.0956388	1.70554
A	15	0	-4.53738	5.54435	2.94229	4549	0.0550251	0.261853	44515	0.0960073	1.72062
G	16	0	-3.46548	3.57686	0.974798	4279	0.0627586	0.299758	44785	0.0950213	1.71497
T	17	0	-2.00079	1.64375	-0	21962	0.0771097	0.658316	27102	0.104442	2.12671
A	18	0	-2.48903	2.19339	-0	7748	0.0706102	0.480822	41316	0.0962578	1.77595
A	19	0	-1.04563	0.83012	-0	8945	0.0812694	0.876354	40119	0.0946464	1.76681
T	20	0	-1.67363	1.32692	-0	18511	0.0794129	0.518761	30553	0.0999595	2.03977
A	21	0	-2.42244	2.11293	-0	11339	0.0728292	0.438435	37725	0.0980322	1.85578
A	22	0	-3.08424	2.99098	0.388924	11902	0.0677332	0.432606	37162	0.100046	1.86941
C	23	0	-5.04976	6.65284	4.05078	3755	0.0483528	0.301819	45309	0.0958421	1.70527
A	24	0	-3.92202	4.35685	1.75479	12542	0.0614139	0.416939	36522	0.102782	1.88601
C	25	0	-3.65535	3.89074	1.28868	3801	0.0610448	0.282983	45263	0.0948245	1.70641
C	26	0	-1.36667	1.06614	-0	4453	0.0780752	0.53217	44611	0.0936183	1.7126
G	27	0	-1.75202	1.39912	-0	4623	0.0759979	0.418344	44441	0.0938938	1.71884
A	28	0	-2.12989	1.78006	-0	18926	0.0760554	0.46722	30138	0.102351	2.06059
G	29	0	-7.55107	13.6557	11.0536	2128	0.030927	0.16	46936	0.094986	1.67728
G	30	0	-8.34806	16.4411	13.839	1425	0.0244044	0.129542	47639	0.0942358	1.66506
G	31	0	-8.41615	16.6972	14.0952	1646	0.0259085	0.112566	47418	0.094509	1.66895
C	32	0	-3.05946	2.95496	0.352902	8089	0.0673042	0.370606	40975	0.0971239	1.78797
C	33	0	-1.74736	1.39474	-0	7653	0.0721468	0.925023	41411	0.095915	1.74124
G	34	0	-6.63115	10.773	8.17092	3253	0.037796	0.216131	45811	0.0960713	1.69711
G	35	0	-6.70076	10.9796	8.37756	3910	0.0394518	0.181886	45154	0.0967759	1.70955
G	36	0	-5.89404	8.72186	6.1198	4727	0.04449	0.249958	44337	0.097295	1.72414
G	37	0	-4.80717	6.11468	3.51262	5634	0.0519676	0.333386	43430	0.0974278	1.73988
G	38	0	-4.27488	5.01839	2.41633	6789	0.0539254	0.487528	42275	0.0983554	1.75684
G	39	0	-5.18855	6.97305	4.37099	7993	0.0518612	0.257557	41071	0.10006	1.78976
G	40	0	-3.16633	3.1121	0.510041	9132	0.062393	0.701103	39932	0.0990259	1.78763
G	41	0	-3.8434	4.21646	1.6144	10248	0.0614787	0.399122	38816	0.10032	1.83331
G	42	0	-4.40615	5.27794	2.67588	10878	0.0577385	0.35166	38186	0.102027	1.85038
G	43	0	-5.45376	7.60551	5.00345	11853	0.0510002	0.225778	37211	0.105334	1.8797
G	44	0	-4.21076	4.89448	2.29242	11737	0.0591238	0.392927	37327	0.10261	1.8682
G	45	0	-5.32535	7.29563	4.69357	10745	0.0512753	0.283741	38319	0.103685	1.85051
G	46	0	-5.44295	7.57938	4.97732	10321	0.0502541	0.284486	38743	0.103384	1.84056
G	47	0	-5.41553	7.51283	4.91077	10769	0.0491343	0.401391	38295	0.10432	1.84492
G	48	0	-4.2546	4.97899	2.37693	13404	0.0600124	0.265846	35660	0.104309	1.91769
T	49	0	-4.62075	5.71721	3.11515	12657	0.0571582	0.264041	36407	0.104393	1.89837
T	50	0	-7.86721	14.7316	12.1295	8719	0.0329976	0.155198	40345	0.105004	1.80784
G	51	0	-8.26318	16.1358	13.5338	11615	0.0304684	0.146339	37449	0.111356	1.87602
C	52	0	-3.54084	3.6998	1.09774	11213	0.0640626	0.414234	37851	0.100545	1.85447
G	53	0	-4.14667	4.77221	2.17015	10128	0.0593831	0.366532	38936	0.100746	1.83238
G	54	0	-4.81754	6.13702	3.53496	14908	0.0555239	0.344117	34156	0.108219	1.95326
G	55	0	-3.9441	4.39654	1.79448	18347	0.0624603	0.383192	30717	0.109975	2.05237
A	56	0	-1.64437	1.30057	-0	11439	0.0786535	0.529185	37625	0.0963284	1.85093
A	57	0	-1.27028	0.991416	-0	9995	0.0796712	0.846873	39069	0.0954148	1.78825
A	58	0	-2.8019	2.59498	-0	8801	0.0695347	0.3815	40263	0.0971636	1.80254
A	59	0	-2.72334	2.49047	-0	8186	0.0700796	0.370022	40878	0.0966388	1.79003
A	60	0	-3.31399	3.33701	0.734952	12712	0.0661649	0.426096	36352	0.101315	1.88952
G	61	0	-1.40012	1.0929	-0	15005	0.0810171	0.589833	34059	0.0971377	1.93013
C	62	0	-2.07501	1.72135	-0	12811	0.0751664	0.580564	36253	0.0982296	1.87744
C	63	0	-3.8156	4.16732	1.56526	15142	0.0627393	0.434687	33922	0.105362	1.9518
T	64	0	-1.5553	1.22228	-0	12834	0.0788248	0.718165	36230	0.0969483	1.86106
T	65	0	-1.91662	1.55837	-0	16037	0.0766385	0.717322	33027	0.0997675	1.93647
C	66	0	-3.84824	4.22489	1.62283	15088	0.0629091	0.348266	33976	0.105218	1.95802
A	67	0	-4.65777	5.79511	3.19305	10515	0.0562324	0.296729	38549	0.102021	1.84459
A	68	0	-1.53449	1.20441	-0	9574	0.0784023	0.639705	39490	0.0955546	1.80168
G	69	0	-1.18458	0.927769	-0	13018	0.0811216	0.952449	36046	0.0962113	1.82682
G	70	0	-4.17211	4.82036	2.2183	15404	0.060481	0.349992	33660	0.106727	1.96673
T	71	0	-2.02796	1.67192	-0	17071	0.0765122	0.531043	31993	0.100582	1.99463
T	72	0	-1.11745	0.879745	-0	15694	0.0834768	0.518316	33370	0.0963137	1.95766
G	73	0	-0.80933	0.679511	-0	10330	0.0845794	0.778422	38734	0.094242	1.8025
G	74	0	-3.13947	3.07224	0.47018	13190	0.0656928	0.68518	35874	0.101956	1.87338
G	75	0	-3.91525	4.34467	1.74261	15680	0.0605832	0.671393	33384	0.107061	1.93514
G	76	0	-0.916247	0.745273	-0	18943	0.0819053	2.43913	30121	0.0986867	0.802631
C	77	0	-3.02465	2.90474	0.302676	13066	0.0681201	0.488811	35998	0.100951	1.89283
C	78	0	-2.32772	2.0015	-0	11097	0.071831	0.663938	37967	0.0981633	1.83044
T	79	0	-2.79608	2.58708	-0	19415	0.0709701	0.512222	29649	0.106115	2.06964
G	80	0	-1.75062	1.39783	-0	18517	0.078763	0.556839	30547	0.100357	2.03386
G	81	0	-2.03253	1.67668	-0	16152	0.0766243	0.429805	32912	0.0998553	1.98068
C	82	0	-1.29362	1.00921	-0	11780	0.0804008	0.802589	37284	0.095938	1.82748
A	83	0	-1.55831	1.22462	-0	1656	0.0731178	0.411155	47408	0.0928744	1.66754
C	84	0	-1.70002	1.35099	-0	14394	0.0784892	0.597251	34670	0.0979031	1.91369
T	85	0	-0.350816	0.440255	-0	18791	0.0882187	2.44434	30273	0.0946836	0.809423
G	86	0	-1.86963	1.51185	-0	18789	0.0778752	0.558795	30275	0.101102	2.04195
G	87	0	-1.00606	0.803557	-0	16307	0.0839239	0.792647	32757	0.0963314	1.92876
C	88	0	-2.60903	2.3428	-0	14233	0.071883	0.443853	34831	0.100513	1.92667
C	89	0	-1.47437	1.1537	-0	12518	0.0803301	0.506122	36546	0.096276	1.87803
T	90	0	-2.45979	2.15778	-0	23263	0.073866	0.572474	25801	0.108745	2.1964
G	91	0	-1.38219	1.07852	-0	16622	0.0813851	0.575816	32442	0.0977526	1.97538
G	92	0	-2.60823	2.34176	-0	19078	0.0722236	0.573426	29986	0.104922	2.04841
G	93	0	-0.500969	0.511169	-0	21680	0.0875933	2.36373	27384	0.0958608	0.633085
G	94	0	-0.652102	0.589779	-0	24208	0.087263	2.19082	24856	0.0970233	0.800168
C	95	0	-0.221326	0.38466	-0	7621	0.0901008	0.628507	41443	0.092595	1.76495
A	96	0	-8.42537	16.7331	14.131	4398	0.0291617	0.077581	44666	0.0984154	1.71949
A	97	0	-6.05501	9.15033	6.54827	3653	0.0440094	0.190873	45411	0.0960848	1.7047
G	98	0	-1.4202	1.10914	-0	18179	0.0813705	0.484971	30885	0.0985863	2.03441
T	99	0	-1.35583	1.05759	-0	20210	0.0818659	0.615554	28854	0.0994512	2.07676
A	100	0	-5.84039	8.58162	5.97956	7107	0.0462942	0.263328	41957	0.0999848	1.77101
