#kmer	position	shift	statistics	p-value	corrected.p	n1	mean1	std1	n2	mean2	std2
A	96	0	-8.42537	16.7331	14.131	4398	0.0291617	0.077581	44666	0.0984154	1.71949
G	31	0	-8.41615	16.6972	14.0952	1646	0.0259085	0.112566	47418	0.094509	1.66895
G	30	0	-8.34806	16.4411	13.839	1425	0.0244044	0.129542	47639	0.0942358	1.66506
G	51	0	-8.26318	16.1358	13.5338	11615	0.0304684	0.146339	37449	0.111356	1.87602
T	50	0	-7.86721	14.7316	12.1295	8719	0.0329976	0.155198	40345	0.105004	1.80784
C	51	0	-7.74167	14.2987	11.6966	12226	0.0344449	0.140945	36838	0.111378	1.89158
A	51	0	7.6536	13.9867	11.3846	16387	0.204828	2.82569	32677	0.0357302	0.170709
G	29	0	-7.55107	13.6557	11.0536	2128	0.030927	0.16	46936	0.094986	1.67728
G	13	0	-7.41402	13.2058	10.6038	3570	0.0346155	0.151163	45494	0.096727	1.70345
A	10	0	-7.31452	12.8719	10.2698	1678	0.0290732	0.188015	47386	0.0944433	1.66928
A	50	0	-7.23015	12.6099	10.0078	11531	0.0378308	0.192512	37533	0.108913	1.87275
G	35	0	-6.70076	10.9796	8.37756	3910	0.0394518	0.181886	45154	0.0967759	1.70955
G	34	0	-6.63115	10.773	8.17092	3253	0.037796	0.216131	45811	0.0960713	1.69711
T	51	0	-6.24006	9.65633	7.05427	8836	0.0444255	0.228075	40228	0.102703	1.80884
A	97	0	-6.05501	9.15033	6.54827	3653	0.0440094	0.190873	45411	0.0960848	1.7047
G	36	0	-5.89404	8.72186	6.1198	4727	0.04449	0.249958	44337	0.097295	1.72414
A	100	0	-5.84039	8.58162	5.97956	7107	0.0462942	0.263328	41957	0.0999848	1.77101
G	43	0	-5.45376	7.60551	5.00345	11853	0.0510002	0.225778	37211	0.105334	1.8797
G	46	0	-5.44295	7.57938	4.97732	10321	0.0502541	0.284486	38743	0.103384	1.84056
G	47	0	-5.41553	7.51283	4.91077	10769	0.0491343	0.401391	38295	0.10432	1.84492
G	45	0	-5.32535	7.29563	4.69357	10745	0.0512753	0.283741	38319	0.103685	1.85051
G	39	0	-5.18855	6.97305	4.37099	7993	0.0518612	0.257557	41071	0.10006	1.78976
C	23	0	-5.04976	6.65284	4.05078	3755	0.0483528	0.301819	45309	0.0958421	1.70527
A	14	0	-5.0028	6.54708	3.94502	3733	0.0505413	0.252588	45331	0.0956388	1.70554
G	54	0	-4.81754	6.13702	3.53496	14908	0.0555239	0.344117	34156	0.108219	1.95326
G	37	0	-4.80717	6.11468	3.51262	5634	0.0519676	0.333386	43430	0.0974278	1.73988
G	14	0	-4.73076	5.94875	3.34669	3095	0.0494427	0.308333	45969	0.0950869	1.69331
A	67	0	-4.65777	5.79511	3.19305	10515	0.0562324	0.296729	38549	0.102021	1.84459
T	49	0	-4.62075	5.71721	3.11515	12657	0.0571582	0.264041	36407	0.104393	1.89837
A	15	0	-4.53738	5.54435	2.94229	4549	0.0550251	0.261853	44515	0.0960073	1.72062
G	42	0	-4.40615	5.27794	2.67588	10878	0.0577385	0.35166	38186	0.102027	1.85038
G	15	0	-4.35157	5.16883	2.56677	3559	0.0548023	0.281331	45505	0.0951331	1.702
C	42	0	-4.28801	5.04422	2.44216	9254	0.0586269	0.309742	39810	0.100014	1.81544
G	38	0	-4.27488	5.01839	2.41633	6789	0.0539254	0.487528	42275	0.0983554	1.75684
G	48	0	-4.2546	4.97899	2.37693	13404	0.0600124	0.265846	35660	0.104309	1.91769
G	44	0	-4.21076	4.89448	2.29242	11737	0.0591238	0.392927	37327	0.10261	1.8682
G	70	0	-4.17211	4.82036	2.2183	15404	0.060481	0.349992	33660	0.106727	1.96673
G	53	0	-4.14667	4.77221	2.17015	10128	0.0593831	0.366532	38936	0.100746	1.83238
C	49	0	4.11826	4.71809	2.11603	10708	0.13575	1.04001	38356	0.0800517	1.77245
C	50	0	4.04449	4.57873	1.97667	12037	0.181143	3.18301	37027	0.0632957	0.52039
G	55	0	-3.9441	4.39654	1.79448	18347	0.0624603	0.383192	30717	0.109975	2.05237
A	24	0	-3.92202	4.35685	1.75479	12542	0.0614139	0.416939	36522	0.102782	1.88601
G	75	0	-3.91525	4.34467	1.74261	15680	0.0605832	0.671393	33384	0.107061	1.93514
C	66	0	-3.84824	4.22489	1.62283	15088	0.0629091	0.348266	33976	0.105218	1.95802
G	41	0	-3.8434	4.21646	1.6144	10248	0.0614787	0.399122	38816	0.10032	1.83331
C	63	0	-3.8156	4.16732	1.56526	15142	0.0627393	0.434687	33922	0.105362	1.9518
C	25	0	-3.65535	3.89074	1.28868	3801	0.0610448	0.282983	45263	0.0948245	1.70641
T	43	0	3.57562	3.75652	1.15446	16611	0.143012	2.7503	32453	0.0662035	0.443882
C	52	0	-3.54084	3.6998	1.09774	11213	0.0640626	0.414234	37851	0.100545	1.85447
G	16	0	-3.46548	3.57686	0.974798	4279	0.0627586	0.299758	44785	0.0950213	1.71497
T	56	0	3.44821	3.54848	0.946416	8404	0.135508	1.14646	40660	0.0832578	1.72538
T	55	0	3.4065	3.48163	0.879565	8772	0.140979	1.43168	40292	0.0815896	1.68281
A	60	0	-3.31399	3.33701	0.734952	12712	0.0661649	0.426096	36352	0.101315	1.88952
T	53	0	3.20118	3.1644	0.562336	11235	0.122678	0.86054	37829	0.0831582	1.80884
G	40	0	-3.16633	3.1121	0.510041	9132	0.062393	0.701103	39932	0.0990259	1.78763
A	49	0	-3.15054	3.08861	0.486546	9804	0.0630102	0.711637	39260	0.0994988	1.7995
G	74	0	-3.13947	3.07224	0.47018	13190	0.0656928	0.68518	35874	0.101956	1.87338
T	54	0	3.11033	3.02912	0.427058	9698	0.122587	0.806203	39366	0.0847235	1.78758
A	22	0	-3.08424	2.99098	0.388924	11902	0.0677332	0.432606	37162	0.100046	1.86941
C	32	0	-3.05946	2.95496	0.352902	8089	0.0673042	0.370606	40975	0.0971239	1.78797
C	77	0	-3.02465	2.90474	0.302676	13066	0.0681201	0.488811	35998	0.100951	1.89283
G	52	0	-3.00751	2.8802	0.27814	11163	0.0663411	0.625438	37901	0.0998261	1.83579
C	67	0	-2.92395	2.76221	0.160148	13471	0.0693519	0.431335	35593	0.100858	1.90812
C	34	0	-2.91863	2.75478	0.152717	6871	0.0666799	0.454302	42193	0.0963647	1.75991
G	11	0	-2.85999	2.67379	0.07173	5714	0.0674301	0.38771	43350	0.0954736	1.73998
T	60	0	2.81784	2.61628	0.014223	9078	0.123917	1.0169	39986	0.0850086	1.75179
A	58	0	-2.8019	2.59498	-0	8801	0.0695347	0.3815	40263	0.0971636	1.80254
T	79	0	-2.79608	2.58708	-0	19415	0.0709701	0.512222	29649	0.106115	2.06964
T	42	0	2.7458	2.5198	-0	16388	0.131132	2.68554	32676	0.0726858	0.65169
A	59	0	-2.72334	2.49047	-0	8186	0.0700796	0.370022	40878	0.0966388	1.79003
A	35	0	2.68572	2.44118	-0	24932	0.111488	2.25862	24132	0.0722884	0.450662
A	46	0	2.66561	2.41488	-0	13257	0.143665	3.0276	35807	0.0731564	0.542543
A	23	0	-2.6484	2.39307	-0	12307	0.0684816	0.791746	36757	0.100152	1.83954
T	44	0	2.63681	2.37796	-0	15919	0.131215	2.72676	33145	0.0734729	0.643136
C	88	0	-2.60903	2.3428	-0	14233	0.071883	0.443853	34831	0.100513	1.92667
G	92	0	-2.60823	2.34176	-0	19078	0.0722236	0.573426	29986	0.104922	2.04841
T	3	0	-2.54212	2.25879	-0	11854	0.0720579	0.427066	37210	0.0986267	1.8687
A	34	0	2.51712	2.22779	-0	26376	0.108356	2.19367	22688	0.0734342	0.477151
A	18	0	-2.48903	2.19339	-0	7748	0.0706102	0.480822	41316	0.0962578	1.77595
T	90	0	-2.45979	2.15778	-0	23263	0.073866	0.572474	25801	0.108745	2.1964
A	21	0	-2.42244	2.11293	-0	11339	0.0728292	0.438435	37725	0.0980322	1.85578
C	78	0	-2.32772	2.0015	-0	11097	0.071831	0.663938	37967	0.0981633	1.83044
A	25	0	-2.31994	1.99251	-0	13389	0.0723571	0.735214	35675	0.0996576	1.87083
C	35	0	-2.26962	1.93487	-0	6983	0.0720583	0.48341	42081	0.0955512	1.76082
C	17	0	2.20566	1.86293	-0	15620	0.125876	2.76756	33444	0.0764829	0.609914
A	52	0	2.19498	1.85112	-0	16451	0.123133	2.67826	32613	0.0766081	0.657025
C	22	0	-2.18062	1.83517	-0	5988	0.0626204	1.01175	43076	0.0963205	1.71009
A	28	0	-2.12989	1.78006	-0	18926	0.0760554	0.46722	30138	0.102351	2.06059
C	18	0	2.11725	1.76645	-0	15088	0.110573	0.893411	33976	0.084052	1.87978
C	43	0	-2.10899	1.75756	-0	8649	0.0728099	0.630098	40415	0.0963588	1.78429
T	41	0	2.08658	1.73352	-0	15399	0.124094	2.71846	33665	0.0776221	0.736979
A	47	0	2.08626	1.73328	-0	12359	0.112469	0.991147	36705	0.0853854	1.80781
C	62	0	-2.07501	1.72135	-0	12811	0.0751664	0.580564	36253	0.0982296	1.87744
T	59	0	2.04929	1.69402	-0	10261	0.146018	3.34573	38803	0.0779781	0.665941
G	81	0	-2.03253	1.67668	-0	16152	0.0766243	0.429805	32912	0.0998553	1.98068
A	53	0	-2.03228	1.67643	-0	16765	0.0758939	0.711552	32299	0.100675	1.9563
T	71	0	-2.02796	1.67192	-0	17071	0.0765122	0.531043	31993	0.100582	1.99463
T	67	0	2.00769	1.65076	-0	13673	0.129099	2.95541	35391	0.0779551	0.597964
A	31	0	2.00299	1.646	-0	22824	0.10909	2.30225	26240	0.077523	0.650975
T	17	0	-2.00079	1.64375	-0	21962	0.0771097	0.658316	27102	0.104442	2.12671
T	28	0	1.98411	1.62658	-0	20612	0.112053	2.41398	28452	0.0778303	0.648906
A	17	0	-1.98313	1.62561	-0	6500	0.0740959	0.502304	42564	0.0949735	1.75075
C	40	0	-1.97829	1.62068	-0	10908	0.0755754	0.557216	38156	0.0969624	1.83669
A	43	0	-1.97382	1.61611	-0	11951	0.076501	0.443608	37113	0.0972654	1.86979
A	36	0	1.94407	1.58589	-0	23152	0.108131	2.24206	25912	0.0779804	0.77874
A	89	0	1.93368	1.5723	-0	656	0.161532	0.910672	48408	0.0912682	1.64855
A	45	0	1.92346	1.5652	-0	14521	0.107909	0.646903	34543	0.0856071	1.91006
T	65	0	-1.91662	1.55837	-0	16037	0.0766385	0.717322	33027	0.0997675	1.93647
C	46	0	-1.91206	1.55382	-0	10595	0.0758989	0.577348	38469	0.0966993	1.82817
A	62	0	1.88589	1.52773	-0	12081	0.133412	3.17129	36983	0.0787475	0.534868
G	86	0	-1.86963	1.51185	-0	18789	0.0778752	0.558795	30275	0.101102	2.04195
G	62	0	-1.8663	1.5086	-0	14084	0.0775803	0.465473	34980	0.098097	1.92075
T	25	0	1.8492	1.49188	-0	25583	0.104881	2.17292	23481	0.0784	0.693897
G	21	0	1.83048	1.47373	-0	8234	0.110821	0.775505	40830	0.0884539	1.7647
G	27	0	-1.75202	1.39912	-0	4623	0.0759979	0.418344	44441	0.0938938	1.71884
G	80	0	-1.75062	1.39783	-0	18517	0.078763	0.556839	30547	0.100357	2.03386
C	33	0	-1.74736	1.39474	-0	7653	0.0721468	0.925023	41411	0.095915	1.74124
C	15	0	1.7288	1.37747	-0	18573	0.112563	2.53071	30491	0.0798085	0.656557
G	84	0	1.71733	1.36686	-0	17747	0.113599	2.53675	31317	0.0800852	0.755817
A	7	0	-1.70491	1.35545	-0	4718	0.0765049	0.41829	44346	0.0938782	1.72057
T	81	0	1.70152	1.35231	-0	17226	0.11473	2.63823	31838	0.0800219	0.618922
C	84	0	-1.70002	1.35099	-0	14394	0.0784892	0.597251	34670	0.0979031	1.91369
C	47	0	-1.67866	1.3315	-0	11152	0.0788705	0.410634	37912	0.0961308	1.85335
T	20	0	-1.67363	1.32692	-0	18511	0.0794129	0.518761	30553	0.0999595	2.03977
T	31	0	-1.66122	1.31571	-0	16616	0.0787829	0.732854	32448	0.0990821	1.94838
T	39	0	1.66006	1.3146	-0	14324	0.120667	2.86846	34740	0.0804734	0.640044
G	67	0	1.65481	1.30993	-0	11405	0.108144	0.898438	37659	0.0873812	1.80649
A	56	0	-1.64437	1.30057	-0	11439	0.0786535	0.529185	37625	0.0963284	1.85093
C	36	0	-1.63727	1.29421	-0	7916	0.078001	0.488439	41148	0.0949406	1.77893
T	14	0	1.63293	1.29032	-0	22130	0.106816	2.38479	26934	0.0802044	0.481316
C	21	0	-1.63116	1.28875	-0	9348	0.0755414	0.864808	39716	0.0961304	1.77487
G	22	0	1.61437	1.27375	-0	8600	0.143989	3.5913	40464	0.0812023	0.723158
A	5	0	1.60197	1.26285	-0	5315	0.112306	0.834039	43749	0.0897659	1.71321
T	70	0	1.59145	1.25364	-0	13781	0.120995	2.92639	35283	0.0809637	0.631575
G	66	0	1.57336	1.23792	-0	12481	0.105905	0.729027	36583	0.0875344	1.85196
G	17	0	-1.56848	1.23365	-0	4982	0.0768338	0.507485	44082	0.0939451	1.7227
A	40	0	1.56376	1.22953	-0	14231	0.118984	2.84211	34833	0.081268	0.701479
C	81	0	-1.56043	1.22671	-0	13384	0.0789346	0.717421	35680	0.0971865	1.87334
A	83	0	-1.55831	1.22462	-0	1656	0.0731178	0.411155	47408	0.0928744	1.66754
T	64	0	-1.5553	1.22228	-0	12834	0.0788248	0.718165	36230	0.0969483	1.86106
C	5	0	-1.55507	1.22207	-0	21584	0.0805543	0.479549	27480	0.101361	2.15094
G	6	0	1.55076	1.21836	-0	9251	0.107153	0.751228	39813	0.088735	1.78521
T	92	0	1.54988	1.21758	-0	19475	0.109268	2.50271	29589	0.0809785	0.58467
A	68	0	-1.53449	1.20441	-0	9574	0.0784023	0.639705	39490	0.0955546	1.80168
T	100	0	1.52604	1.19717	-0	18160	0.110927	2.58517	30904	0.0812079	0.589278
G	78	0	1.52136	1.19319	-0	17400	0.111613	2.54033	31664	0.081544	0.790963
G	59	0	-1.51796	1.19033	-0	19575	0.0805397	0.638375	29489	0.0999528	2.05163
A	20	0	-1.50999	1.18358	-0	10347	0.0790182	0.619096	38717	0.0957324	1.81924
T	47	0	1.50115	1.17608	-0	14784	0.116706	2.80492	34280	0.0816421	0.678471
G	88	0	1.50062	1.17563	-0	15227	0.116108	2.82498	33837	0.0814523	0.559047
T	63	0	1.49913	1.17433	-0	9315	0.137611	3.59876	39749	0.0815675	0.536572
T	97	0	1.48738	1.16456	-0	13514	0.105594	0.886546	35550	0.087119	1.84857
T	2	0	-1.48619	1.16356	-0	10759	0.079379	0.613365	38305	0.0958109	1.82841
C	89	0	-1.47437	1.1537	-0	12518	0.0803301	0.506122	36546	0.096276	1.87803
A	78	0	1.45018	1.13358	-0	4047	0.1117	0.780829	45017	0.0904552	1.69698
A	88	0	1.44788	1.13063	-0	767	0.176313	1.62115	48297	0.0908719	1.64117
G	98	0	-1.4202	1.10914	-0	18179	0.0813705	0.484971	30885	0.0985863	2.03441
G	68	0	1.41389	1.10401	-0	10040	0.107519	1.02975	39024	0.0882684	1.76419
C	74	0	1.41015	1.10095	-0	12987	0.119184	2.92995	36077	0.0824968	0.755744
G	61	0	-1.40012	1.0929	-0	15005	0.0810171	0.589833	34059	0.0971377	1.93013
T	68	0	-1.39815	1.09131	-0	16786	0.0810661	0.677134	32278	0.0980017	1.96322
A	79	0	1.3979	1.09094	-0	3307	0.120374	1.15847	45757	0.0901719	1.67035
G	56	0	-1.39379	1.08779	-0	21820	0.0797052	2.24728	27244	0.102221	0.896659
G	91	0	-1.38219	1.07852	-0	16622	0.0813851	0.575816	32442	0.0977526	1.97538
T	78	0	-1.37997	1.07675	-0	16520	0.0806809	0.867975	32544	0.0980588	1.9175
T	7	0	-1.37391	1.07192	-0	14102	0.0805106	0.764161	34962	0.0969256	1.88228
C	26	0	-1.36667	1.06614	-0	4453	0.0780752	0.53217	44611	0.0936183	1.7126
T	99	0	-1.35583	1.05759	-0	20210	0.0818659	0.615554	28854	0.0994512	2.07676
C	59	0	-1.35053	1.05342	-0	11042	0.0792924	0.856989	38022	0.0959583	1.80586
A	77	0	1.32881	1.03635	-0	4673	0.110116	0.855389	44391	0.0903224	1.70262
C	90	0	1.32782	1.03559	-0	11856	0.12139	3.13434	37208	0.0829088	0.647905
C	44	0	-1.3251	1.0335	-0	8957	0.0775139	0.980071	40107	0.0954891	1.75479
C	94	0	1.31683	1.02707	-0	8283	0.108567	1.11525	40781	0.0888849	1.72822
C	97	0	-1.30866	1.02078	-0	11206	0.079875	0.836646	37858	0.0958581	1.81171
T	84	0	-1.29934	1.0136	-0	15499	0.0810528	0.890171	33565	0.0973585	1.88941
C	82	0	-1.29362	1.00921	-0	11780	0.0804008	0.802589	37284	0.095938	1.82748
A	75	0	1.29278	1.00854	-0	5167	0.106597	0.672075	43897	0.0905139	1.71938
T	9	0	-1.28953	1.00607	-0	18148	0.0823586	0.491071	30916	0.0979891	2.03259
T	35	0	-1.27135	0.992231	-0	13239	0.0821078	0.486578	35825	0.09594	1.89737
A	57	0	-1.27028	0.991416	-0	9995	0.0796712	0.846873	39069	0.0954148	1.78825
T	58	0	1.2628	0.985751	-0	10801	0.104748	0.918676	38263	0.0886678	1.79285
T	16	0	-1.26232	0.985392	-0	22373	0.0827541	0.55424	26691	0.100132	2.16607
C	75	0	1.26224	0.985331	-0	11715	0.103992	0.850794	37349	0.0885114	1.81934
C	71	0	1.25326	0.978567	-0	11064	0.102844	0.587956	38000	0.0891107	1.83734
C	20	0	1.23964	0.96833	-0	12653	0.117206	3.03189	36411	0.0835205	0.658424
T	75	0	1.23924	0.968043	-0	16502	0.109386	2.63068	32562	0.083502	0.741384
T	83	0	-1.23124	0.962093	-0	18009	0.082436	0.741109	31055	0.0978742	1.98378
T	45	0	1.2256	0.957905	-0	14563	0.103589	1.06022	34501	0.0874033	1.83153
C	96	0	1.22555	0.957846	-0	7183	0.106539	0.911891	41881	0.0897496	1.73542
A	3	0	1.2177	0.951944	-0	4444	0.174686	4.95986	44620	0.0839931	0.714049
G	23	0	1.21662	0.951202	-0	8449	0.131937	3.61053	40615	0.0839429	0.735148
A	99	0	-1.20732	0.944388	-0	3178	0.0809304	0.343776	45886	0.0929887	1.69435
C	41	0	-1.20682	0.944026	-0	10140	0.0797042	0.952282	38924	0.0954649	1.77699
T	57	0	1.20594	0.943384	-0	12031	0.103719	0.925038	37033	0.0884678	1.81362
A	4	0	1.19289	0.93377	-0	4942	0.111776	1.15141	44122	0.0900158	1.68689
G	69	0	-1.18458	0.927769	-0	13018	0.0811216	0.952449	36046	0.0962113	1.82682
G	2	0	1.16372	0.912642	-0	11230	0.119053	3.14409	37834	0.0842392	0.746514
A	76	0	1.16284	0.912032	-0	5080	0.103542	0.506991	43984	0.0908986	1.72448
C	8	0	-1.1617	0.91122	-0	19844	0.0834029	0.51627	29220	0.0981871	2.08327
G	12	0	-1.15489	0.906274	-0	4643	0.0726679	1.15112	44421	0.09425	1.68387
T	38	0	1.15371	0.905459	-0	13449	0.113211	2.86934	35615	0.0842761	0.774646
C	99	0	1.14899	0.902067	-0	9087	0.126673	3.49205	39977	0.0843735	0.729639
T	8	0	-1.13609	0.892915	-0	16249	0.0832425	0.596496	32815	0.0966468	1.96203
G	49	0	1.13212	0.890085	-0	15895	0.108793	2.68545	33169	0.0842598	0.725772
T	32	0	-1.13139	0.889583	-0	13982	0.0818734	0.963521	35082	0.0963263	1.84271
T	72	0	-1.11745	0.879745	-0	15694	0.0834768	0.518316	33370	0.0963137	1.95766
C	39	0	-1.1034	0.869891	-0	10644	0.083204	0.469149	38420	0.094702	1.83779
G	24	0	1.10094	0.868148	-0	7486	0.108199	1.29685	41578	0.0893284	1.69542
C	28	0	-1.08827	0.859359	-0	6056	0.0817809	0.544841	43008	0.0936758	1.74065
A	80	0	1.08617	0.857784	-0	2747	0.123809	1.56483	46317	0.0903334	1.64528
T	21	0	1.06725	0.844862	-0	20143	0.103242	2.42006	28921	0.0845224	0.699003
C	2	0	-1.05763	0.838289	-0	22996	0.0842427	0.821548	26068	0.0992339	2.11477
C	83	0	1.05269	0.834894	-0	11065	0.117059	3.18232	37999	0.0849712	0.726231
T	66	0	1.05148	0.834079	-0	14731	0.109263	2.77083	34333	0.0848899	0.743981
C	61	0	1.04962	0.8328	-0	9628	0.121633	3.4038	39436	0.0850235	0.721834
A	69	0	1.04706	0.831064	-0	9343	0.1224	3.42327	39721	0.0851059	0.754427
C	27	0	-1.04687	0.83096	-0	5257	0.0818099	0.541161	43807	0.0934554	1.72641
A	19	0	-1.04563	0.83012	-0	8945	0.0812694	0.876354	40119	0.0946464	1.76681
C	19	0	1.04061	0.826726	-0	14594	0.100718	0.657655	34470	0.0886045	1.91033
C	48	0	1.03561	0.823342	-0	10763	0.101762	0.76141	38301	0.0895228	1.81279
G	7	0	1.02476	0.816041	-0	9589	0.101276	0.607411	39475	0.0900047	1.8047
G	10	0	-1.00794	0.80481	-0	7106	0.0831288	0.512472	41958	0.0937452	1.76183
G	87	0	-1.00606	0.803557	-0	16307	0.0839239	0.792647	32757	0.0963314	1.92876
A	44	0	-1.00407	0.802237	-0	12451	0.0840921	0.514036	36613	0.0949674	1.87571
A	1	0	-0.998987	0.798854	-0	4496	0.0818283	0.540503	44568	0.0932547	1.71309
C	53	0	0.998575	0.798573	-0	10936	0.116313	3.22733	38128	0.0852937	0.690759
C	6	0	-0.993778	0.795423	-0	21381	0.084565	0.842696	27683	0.0981104	2.05513
A	73	0	0.978534	0.78537	-0	5578	0.108548	1.27158	43486	0.0901116	1.6824
A	86	0	0.971534	0.780527	-0	984	0.152117	1.96005	48080	0.0909815	1.63369
T	88	0	-0.964726	0.776389	-0	18837	0.0848202	0.552351	30227	0.0968113	2.04458
G	3	0	-0.95745	0.77167	-0	10580	0.0843238	0.490333	38484	0.094375	1.83484
T	48	0	0.955947	0.770682	-0	13642	0.1098	2.95319	35422	0.0854324	0.60871
C	86	0	0.951185	0.767603	-0	12150	0.111951	3.00834	36914	0.0857093	0.774483
C	93	0	0.950745	0.767334	-0	9176	0.100926	0.654427	39888	0.090202	1.7926
T	37	0	0.943008	0.762339	-0	13284	0.109796	2.91352	35780	0.0856777	0.735174
T	52	0	0.942634	0.762111	-0	10237	0.101545	0.871686	38827	0.0897456	1.78944
C	1	0	-0.929063	0.753423	-0	23013	0.0852799	0.518875	26051	0.0983274	2.19845
A	30	0	0.916286	0.745299	-0	21175	0.100941	2.35922	27889	0.0855767	0.714711
G	76	0	-0.916247	0.745273	-0	18943	0.0819053	2.43913	30121	0.0986867	0.802631
C	57	0	-0.906643	0.739212	-0	6913	0.0840749	0.496255	42151	0.0935414	1.7589
A	8	0	0.890221	0.728848	-0	3639	0.168602	5.58849	45425	0.0860877	0.637022
A	48	0	0.880309	0.722739	-0	11255	0.100091	0.725483	37809	0.089861	1.82684
C	79	0	0.870785	0.716822	-0	10423	0.114677	3.32757	38641	0.0861466	0.657196
C	16	0	0.865116	0.713342	-0	16987	0.0995386	0.967044	32077	0.0883253	1.90346
T	69	0	-0.853703	0.706334	-0	14860	0.0853622	0.59581	34204	0.0951816	1.92563
G	25	0	0.851504	0.704982	-0	6291	0.101747	0.773018	42773	0.0908046	1.73224
C	4	0	-0.850323	0.704266	-0	21533	0.0857969	0.587756	27531	0.0972217	2.12796
T	62	0	-0.849777	0.703935	-0	10088	0.0849247	0.564105	38976	0.0940926	1.81853
A	81	0	0.845704	0.70138	-0	2302	0.110184	1.00417	46762	0.0913227	1.66596
G	73	0	-0.80933	0.679511	-0	10330	0.0845794	0.778422	38734	0.094242	1.8025
G	77	0	0.796134	0.671657	-0	17889	0.10207	2.55193	31175	0.0865484	0.707488
T	33	0	-0.793959	0.670375	-0	12605	0.0855425	0.635841	36459	0.0945119	1.86645
A	32	0	0.792427	0.669466	-0	24974	0.0980618	0.643775	24090	0.0861386	2.24815
A	98	0	0.781444	0.662949	-0	3647	0.15739	5.43793	45417	0.0869734	0.730629
A	65	0	0.772717	0.657873	-0	7836	0.10199	1.10163	41228	0.0903482	1.72442
T	1	0	0.770003	0.656279	-0	9371	0.114801	3.49607	39693	0.0868736	0.665204
G	9	0	0.766957	0.654513	-0	8612	0.101286	1.06362	40452	0.0902748	1.73922
A	6	0	0.764616	0.653149	-0	5234	0.100103	0.586816	43830	0.0912647	1.72422
C	60	0	-0.764477	0.653074	-0	10089	0.0858435	0.497182	38975	0.093855	1.8236
C	76	0	0.763928	0.652751	-0	10251	0.100307	1.00653	38813	0.0900684	1.7709
C	54	0	0.756807	0.648618	-0	9938	0.0998049	0.87562	39126	0.0902779	1.78373
C	31	0	-0.75462	0.647354	-0	7978	0.085548	0.521519	41086	0.0935008	1.77836
G	26	0	0.745185	0.641904	-0	5268	0.0998881	0.58694	43796	0.0912838	1.72481
C	7	0	0.73944	0.638605	-0	20655	0.0995704	2.40535	28409	0.0868545	0.666005
T	91	0	0.732509	0.634638	-0	21088	0.0992499	2.37501	27976	0.0868992	0.685711
C	55	0	-0.731215	0.633903	-0	8668	0.0860956	0.448256	40396	0.0935191	1.79643
T	12	0	-0.728366	0.632276	-0	20906	0.0867061	0.554559	28158	0.0962923	2.11264
A	54	0	0.72728	0.631652	-0	14520	0.104381	2.83119	34544	0.0870907	0.674525
T	10	0	0.726698	0.631324	-0	19533	0.100076	2.44506	29531	0.0870029	0.720494
A	16	0	0.724289	0.629932	-0	5425	0.131467	4.48138	43639	0.087327	0.728322
T	34	0	-0.720555	0.627837	-0	12564	0.0863551	0.534458	36500	0.0942221	1.87644
T	96	0	0.718646	0.626755	-0	14147	0.0985218	0.863643	34917	0.0896494	1.8658
G	90	0	0.707588	0.620509	-0	13390	0.0983249	0.765241	35674	0.0899115	1.86637
A	11	0	0.70769	0.620492	-0	1931	0.207771	7.46833	47133	0.0874731	0.719157
C	56	0	0.700207	0.616357	-0	7401	0.100848	1.01596	41663	0.0906727	1.72843
C	13	0	0.698194	0.615235	-0	20999	0.0975805	0.795688	28065	0.0881875	2.05753
A	55	0	0.69794	0.615086	-0	13277	0.105082	2.87381	35787	0.0874312	0.792077
T	13	0	-0.686005	0.608435	-0	21444	0.0869909	0.70885	27620	0.0962578	2.09591
G	65	0	0.680633	0.605454	-0	13241	0.0978616	0.637547	35823	0.0901177	1.88083
A	82	0	0.67621	0.602969	-0	1923	0.10242	0.601134	47141	0.091791	1.66962
T	23	0	0.665356	0.597027	-0	24553	0.0971356	0.751903	24511	0.0872711	2.19621
C	68	0	0.664877	0.596758	-0	12664	0.105274	2.94503	36400	0.0876617	0.782118
A	13	0	0.663897	0.596188	-0	3051	0.159282	5.94767	46013	0.0877601	0.724669
G	79	0	0.663224	0.595859	-0	15919	0.0975456	0.670035	33145	0.0896439	1.94167
G	64	0	0.659764	0.593964	-0	13610	0.0977147	0.672515	35454	0.0900936	1.88481
G	97	0	0.656537	0.592197	-0	20691	0.0986532	2.34206	28373	0.0875072	0.809891
G	94	0	-0.652102	0.589779	-0	24208	0.087263	2.19082	24856	0.0970233	0.800168
C	24	0	0.650585	0.588919	-0	3229	0.154053	5.77909	45835	0.0878507	0.727401
A	70	0	0.648354	0.587741	-0	8447	0.0987016	0.765158	40617	0.0908571	1.76939
G	20	0	0.642957	0.58481	-0	7553	0.0997553	0.951291	41511	0.0908343	1.73718
G	32	0	0.634786	0.580342	-0	2019	0.191135	7.30153	47045	0.087962	0.720889
T	46	0	-0.632251	0.579033	-0	14891	0.0870788	0.643413	34173	0.0944425	1.91974
A	9	0	0.616167	0.570372	-0	2278	0.176864	6.87492	46786	0.0880857	0.722478
T	82	0	0.615344	0.569981	-0	15650	0.0971642	0.65759	33414	0.0898861	1.93677
G	72	0	0.612707	0.568571	-0	12072	0.105056	3.02433	36992	0.0880148	0.765672
A	74	0	0.606899	0.565488	-0	5255	0.0995226	0.777522	43809	0.0913302	1.71552
A	63	0	0.59908	0.561361	-0	10875	0.0974827	0.665278	38189	0.0907054	1.82572
C	9	0	-0.596993	0.56026	-0	20026	0.0875989	0.717166	29038	0.095386	2.0481
A	12	0	0.589521	0.556294	-0	2423	0.16812	6.6658	46641	0.088264	0.723752
T	40	0	0.579949	0.551331	-0	14793	0.0971174	0.791075	34271	0.0900883	1.89331
C	80	0	0.571552	0.546965	-0	9716	0.0976727	0.766833	39348	0.0908581	1.79226
G	89	0	0.565074	0.543614	-0	14168	0.0972905	0.9344	34896	0.0901439	1.85236
T	61	0	-0.559796	0.540893	-0	12104	0.0867478	0.980633	36960	0.0939957	1.80537
G	33	0	0.555073	0.538431	-0	2535	0.160381	6.51844	46529	0.0884934	0.723889
A	29	0	0.546951	0.534306	-0	20215	0.0978282	2.41389	28849	0.0882692	0.704437
C	73	0	-0.53951	0.530519	-0	13670	0.0877672	0.630135	35394	0.0939226	1.89185
G	50	0	0.536275	0.528876	-0	16777	0.096544	0.746761	32287	0.0899543	1.94983
G	5	0	0.535089	0.528274	-0	9345	0.0978335	0.916678	39719	0.090884	1.76871
G	28	0	-0.525613	0.52347	-0	3470	0.0806161	1.32055	45594	0.0930898	1.66275
A	71	0	0.511165	0.51624	-0	7404	0.0981882	0.932578	41660	0.0911447	1.73681
C	92	0	0.506985	0.51416	-0	10124	0.0966427	0.610891	38940	0.0910545	1.81536
G	93	0	-0.500969	0.511169	-0	21680	0.0875933	2.36373	27384	0.0958608	0.633085
T	80	0	0.498307	0.50985	-0	18084	0.0982377	2.50986	30980	0.0886877	0.766205
G	99	0	-0.49075	0.50612	-0	16589	0.0880881	0.893678	32475	0.094312	1.9131
A	61	0	-0.488883	0.505201	-0	12327	0.0882074	0.546938	36737	0.0935499	1.86966
C	38	0	0.483983	0.502793	-0	10042	0.0966624	0.712308	39022	0.0910612	1.80412
G	60	0	0.473207	0.497525	-0	17185	0.0984575	2.61927	31879	0.0888385	0.667576
G	83	0	-0.465685	0.493872	-0	18334	0.0885321	0.733693	30730	0.0944005	1.99444
T	87	0	0.464723	0.493404	-0	20941	0.096701	2.35021	28123	0.0888618	0.764554
T	77	0	0.46154	0.491865	-0	13436	0.0962724	0.820931	35628	0.0906747	1.85844
G	96	0	0.451061	0.486816	-0	23336	0.0958504	2.22507	25728	0.0889035	0.80254
T	15	0	-0.448228	0.485458	-0	22383	0.0888215	0.748593	26681	0.0950483	2.11689
A	85	0	0.44822	0.485409	-0	1208	0.10523	1.00137	47856	0.0918789	1.65384
T	27	0	0.447313	0.48502	-0	21882	0.0956441	0.916083	27182	0.0894412	2.0456
A	38	0	-0.445852	0.48432	-0	18784	0.0886238	0.883275	30280	0.0944308	1.96948
T	76	0	0.444433	0.483642	-0	14790	0.0958962	0.722154	34274	0.0906159	1.90509
G	8	0	0.438691	0.480902	-0	9332	0.0967508	0.888162	39732	0.0911405	1.77191
A	41	0	-0.431084	0.477289	-0	13277	0.0884924	0.749211	35787	0.0935859	1.86634
G	18	0	-0.429916	0.476735	-0	5876	0.0880285	0.553271	43188	0.0927762	1.73702
G	71	0	0.423742	0.473815	-0	13525	0.100043	2.94148	35539	0.0892257	0.651477
A	2	0	0.422461	0.473211	-0	4079	0.0970388	0.609373	44985	0.0917695	1.70382
T	30	0	-0.421627	0.472822	-0	18876	0.0888969	0.745048	30188	0.0942777	2.00724
T	18	0	-0.412928	0.468736	-0	20352	0.0880212	2.39218	28712	0.0951751	0.738087
T	95	0	0.412757	0.468658	-0	15115	0.0955595	0.660115	33949	0.0907153	1.92284
C	98	0	-0.411455	0.468048	-0	9873	0.0882835	0.772108	39191	0.0931962	1.79462
A	42	0	0.399586	0.462519	-0	12544	0.0960195	0.963019	36520	0.0908983	1.81627
G	85	0	0.396441	0.461061	-0	16171	0.0953397	0.598152	32893	0.0906678	1.95968
A	84	0	-0.393178	0.459529	-0	1424	0.0856861	0.577017	47640	0.0924025	1.66225
C	65	0	0.388861	0.457557	-0	11950	0.100422	3.01956	37114	0.0895628	0.789753
C	64	0	0.377663	0.452418	-0	13179	0.099432	2.97623	35885	0.0895544	0.654389
G	19	0	-0.365874	0.447051	-0	6773	0.0888181	0.538107	42291	0.0927505	1.75425
T	5	0	0.363593	0.446015	-0	12820	0.0993939	3.00269	36244	0.0896657	0.6751
C	70	0	0.35361	0.441512	-0	11432	0.0954566	0.795263	37632	0.0912206	1.82164
T	24	0	0.351817	0.440705	-0	25807	0.0947963	0.605719	23257	0.0893351	2.29634
C	69	0	-0.350865	0.440278	-0	11843	0.0891641	0.682881	37221	0.093176	1.84415
T	85	0	-0.350816	0.440255	-0	18791	0.0882187	2.44434	30273	0.0946836	0.809423
C	87	0	0.346766	0.43844	-0	10933	0.095339	0.725233	38131	0.0913098	1.82037
C	30	0	-0.340707	0.435732	-0	7588	0.0888052	0.701915	41476	0.0928301	1.75926
A	33	0	0.336591	0.4339	-0	26271	0.0946712	0.696221	22793	0.0893681	2.2885
A	87	0	0.311672	0.422881	-0	883	0.0998528	0.70772	48181	0.0920675	1.65309
G	63	0	-0.311176	0.422699	-0	13732	0.0897249	0.523322	35332	0.0931725	1.90593
T	11	0	-0.311127	0.422677	-0	20523	0.0898006	0.790394	28541	0.0939384	2.04437
T	74	0	-0.274605	0.406924	-0	17632	0.089993	0.798062	31432	0.0934499	1.96103
C	3	0	-0.261126	0.401211	-0	22186	0.0902124	0.901784	26878	0.0938545	2.06005
C	91	0	0.257407	0.399645	-0	10867	0.0946573	0.834458	38197	0.0915107	1.80567
A	27	0	0.245117	0.394497	-0	17302	0.0953518	2.53735	31762	0.0904948	0.807569
T	36	0	-0.243183	0.393691	-0	13269	0.0898988	1.00952	35795	0.0930635	1.82013
G	58	0	0.24066	0.392641	-0	22885	0.0942186	2.25718	26179	0.0904497	0.769721
C	14	0	-0.232318	0.389184	-0	20106	0.0904472	0.532395	28958	0.0934299	2.08931
C	58	0	0.231242	0.388739	-0	6577	0.0949563	0.881232	42487	0.0917821	1.72891
T	73	0	0.231174	0.388711	-0	19486	0.0946891	2.39099	29578	0.0905728	0.836744
C	72	0	-0.225513	0.38638	-0	14992	0.0902352	0.912885	34072	0.0930755	1.87366
C	95	0	-0.221326	0.38466	-0	7621	0.0901008	0.628507	41443	0.092595	1.76495
T	4	0	0.218172	0.383368	-0	12511	0.0965678	2.96587	36553	0.0907152	0.776763
G	95	0	-0.212111	0.380895	-0	26247	0.0908257	2.16033	22817	0.0937973	0.649026
T	86	0	-0.209474	0.379823	-0	17141	0.0904843	0.853577	31923	0.093133	1.93574
G	57	0	0.20868	0.3795	-0	20125	0.0943456	2.36892	28939	0.0907208	0.81388
A	26	0	0.207573	0.37905	-0	15378	0.095367	2.69922	33686	0.0907653	0.771796
C	11	0	-0.2013	0.376511	-0	20896	0.0906678	0.715379	28168	0.0933499	2.07613
G	82	0	0.198908	0.375544	-0	19711	0.0943322	2.43691	29353	0.0907809	0.71611
A	66	0	0.197207	0.374858	-0	6764	0.0951428	1.24751	42300	0.0917383	1.69536
C	45	0	0.171075	0.364432	-0	9235	0.0971957	3.43193	39829	0.091051	0.76543
G	100	0	-0.161764	0.360766	-0	16014	0.0909336	0.574381	33050	0.0928249	1.95891
T	89	0	0.157581	0.359127	-0	21722	0.0936435	2.3107	27342	0.0910668	0.767977
A	72	0	0.149859	0.356114	-0	6306	0.0940298	0.888316	42758	0.0919389	1.72431
T	26	0	-0.146187	0.354688	-0	23965	0.0911179	0.841958	25099	0.093248	2.14163
T	22	0	0.135931	0.350725	-0	22574	0.0932328	0.752905	26490	0.091334	2.12226
C	12	0	0.135021	0.350375	-0	21092	0.0932413	0.749485	27972	0.0914282	2.07346
T	29	0	0.133696	0.349866	-0	19919	0.09323	0.617468	29145	0.0915089	2.06692
G	4	0	-0.130069	0.348473	-0	10078	0.0908963	0.89437	38986	0.0925466	1.78376
T	94	0	-0.119935	0.344604	-0	16409	0.091265	0.584127	32655	0.0926812	1.96827
C	10	0	0.104537	0.338782	-0	20747	0.0930152	0.8036	28317	0.0916159	2.04747
A	90	0	-0.0956951	0.335456	-0	555	0.0900088	0.518297	48509	0.0922328	1.64932
C	100	0	0.0827543	0.330661	-0	7783	0.0930779	0.797016	41281	0.0920435	1.75511
A	39	0	0.0792884	0.329381	-0	16103	0.0928706	0.839524	32961	0.0918837	1.91406
C	85	0	0.0695315	0.325797	-0	12894	0.0928727	0.997771	36170	0.0919705	1.8159
T	6	0	-0.0658538	0.324453	-0	13198	0.090982	2.88561	35866	0.0926586	0.786927
G	1	0	-0.0489794	0.318336	-0	12184	0.0917456	0.908406	36880	0.0923602	1.81919
C	29	0	-0.0417545	0.315741	-0	6802	0.0916813	0.989454	42262	0.0922923	1.72288
A	37	0	-0.0389967	0.314754	-0	21145	0.0919097	0.729362	27919	0.0924332	2.0806
A	64	0	0.0197795	0.307938	-0	9441	0.0923763	0.523732	39623	0.0921674	1.80796
T	19	0	-0.0157095	0.306508	-0	18752	0.0920263	2.49746	30312	0.0923198	0.706854
T	98	0	-0.0137167	0.305809	-0	17365	0.0920941	0.900522	31699	0.0922698	1.92958
T	93	0	-0.00952211	0.304342	-0	17938	0.0921335	0.619733	31126	0.0922503	2.00572
C	37	0	-0.00657609	0.303315	-0	9001	0.0921377	0.910147	40063	0.0922233	1.76391
