#kmer	position	shift	statistics	p-value	corrected.p	frac.obs	frac.exp	obs/exp	local.r
CCAG	-25	0	4.24913	3.51709	-0	0.0322581	0.00674903	4.77966	4.87935
CACT	-24	0	3.94791	3.20319	-0	0.0268817	0.00549073	4.89583	5.00115
A	-23	0	3.04563	2.89377	-0	0.317204	0.224086	1.41555	1.41873
GTCA	-22	0	4.75813	3.79818	-0	0.0268817	0.00423244	6.35135	6.54054
TNAT	-21	0	4.0626	3.54579	-0	0.0483871	0.0137268	3.525	3.57378
TTGC	-20	0	4.50766	3.61777	-0	0.0268817	0.00457561	5.875	6.034
AT	-19	0	4.4567	4.45661	0.0832591	0.123656	0.0514593	2.40299	2.42135
TANA	-18	0	3.45522	2.9113	-0	0.0376344	0.0110959	3.39175	3.43618
CANT	-17	0	2.74352	2.32176	-0	0.0483871	0.0201327	2.40341	2.42178
ACG	-16	0	3.56016	2.90792	-0	0.0268817	0.0062724	4.28571	4.36321
GGNT	-15	0	3.59242	3.1041	-0	0.0483871	0.0156715	3.08759	3.12283
GGCC	-14	0	4.2107	3.39969	-0	0.0268817	0.00503317	5.34091	5.46924
GGNT	-13	0	3.59242	3.1041	-0	0.0483871	0.0156715	3.08759	3.12283
TAG	-12	0	3.48576	2.89731	-0	0.0322581	0.00862455	3.74026	3.79649
AGT	-11	0	4.95002	4.53311	0.159755	0.0591398	0.015009	3.9403	4.00394
GT	-10	0	3.92603	3.78329	-0	0.123656	0.0569454	2.17148	2.18532
ANGG	-9	0	4.54404	4.12187	-0	0.0591398	0.0165866	3.56552	3.61566
ANT	-8	0	2.25764	1.90653	-0	0.0913979	0.0539875	1.69295	1.69931
GGTT	-7	0	5.7153	4.45612	0.0827621	0.0268817	0.00320293	8.39286	8.74221
CTCT	-6	0	3.76924	3.06786	-0	0.0268817	0.00583391	4.60784	4.69949
GCNG	-5	0	3.38932	2.93963	-0	0.0537634	0.0194464	2.76471	2.79133
AANA	-4	0	3.20796	2.69779	-0	0.0376344	0.012011	3.13333	3.16989
ATA	-3	0	4.66067	4.02949	-0	0.0430108	0.00963262	4.46512	4.55035
GT	-2	0	3.60962	3.38388	-0	0.11828	0.0569454	2.07707	2.08923
ANNG	-1	0	5.16962	5.59852	1.22517	0.155914	0.0634866	2.45586	2.47534
CANA	1	0	4.17947	3.75273	-0	0.0591398	0.0181881	3.25157	3.29163
TNAG	2	0	5.8049	5.49312	1.11976	0.0645161	0.0141844	4.54839	4.63733
GAG	3	0	7.06737	7.31343	2.94007	0.0860215	0.0176971	4.86076	4.96436
AG	4	0	6.35579	7.6115	3.23814	0.182796	0.0666008	2.74465	2.77078
G	5	0	6.34363	9.13119	4.75783	0.456989	0.254409	1.79628	1.80405
TGTC	6	0	5.59413	4.55233	0.178972	0.0322581	0.00457561	7.05	7.28835
AGAG	7	0	5.68848	4.62157	0.248221	0.0322581	0.00446122	7.23077	7.48279
GNCC	8	0	4.15499	3.728	-0	0.0591398	0.0183024	3.23125	3.2707
ANCC	9	0	2.93295	2.47819	-0	0.0430108	0.0160146	2.68571	2.71041
GTGC	10	0	3.82722	3.11192	-0	0.0268817	0.00571951	4.7	4.79592
CNTA	11	0	4.07945	3.44904	-0	0.0376344	0.00915122	4.1125	4.18287
CCTT	12	0	4.07549	3.29898	-0	0.0268817	0.00526195	5.1087	5.22473
CTT	13	0	3.35168	2.87936	-0	0.0483871	0.0168011	2.88	2.90957
TNNC	14	0	3.75217	3.58317	-0	0.129032	0.0624571	2.06593	2.07791
ANNC	15	0	3.3909	3.11596	-0	0.112903	0.0558225	2.02254	2.03378
CATC	16	0	3.94071	3.26872	-0	0.0322581	0.00743537	4.33846	4.41819
CNNC	17	0	7.77064	10.792	6.4186	0.252688	0.0897964	2.81401	2.84188
CNNC	18	0	7.77064	10.792	6.4186	0.252688	0.0897964	2.81401	2.84188
TCG	19	0	5.65488	5.02315	0.649793	0.0483871	0.00907258	5.33333	5.46125
CG	20	0	5.86619	6.23593	1.86257	0.112903	0.0344525	3.27707	3.31791
C	21	0	3.4183	3.45608	-0	0.387097	0.275161	1.4068	1.4099
GGG	22	0	3.08807	2.65278	-0	0.0537634	0.0211694	2.53968	2.561
GG	23	0	4.06783	4.04345	-0	0.150538	0.0729647	2.06316	2.07508
GA	24	0	2.97331	2.63416	-0	0.102151	0.0532148	1.91959	1.92918
A	25	0	0.935494	0.814941	-0	0.252688	0.224086	1.12764	1.12842
CT	-25	0	-2.11669	1.78133	-0	0.0376344	0.0796577	0.472452	0.471108
TG	-24	0	-2.17089	1.85297	-0	0.0376344	0.081084	0.464141	0.4628
CT	-23	0	-2.6583	2.62352	-0	0.0268817	0.0796577	0.337466	0.336261
T	-22	0	-2.18159	1.80651	-0	0.177419	0.246344	0.720209	0.719122
G	-21	0	-2.57921	2.30934	-0	0.172043	0.254409	0.676247	0.675065
TNC	-20	0	-2.00406	1.64137	-0	0.0322581	0.0696685	0.463022	0.461682
TC	-19	0	-2.30905	2.06521	-0	0.0268817	0.0701119	0.383412	0.382138
C	-18	0	-2.16394	1.78029	-0	0.204301	0.275161	0.742478	0.741445
CNA	-17	0	-1.62026	1.20236	-0	0.0268817	0.0536514	0.501044	0.499696
CNNC	-16	0	-2.74483	2.74853	-0	0.0322581	0.0897964	0.359236	0.357996
ANC	-15	0	-1.6941	1.28257	-0	0.0322581	0.062276	0.517986	0.51664
ANC	-14	0	-1.6941	1.28257	-0	0.0322581	0.062276	0.517986	0.51664
CNNC	-13	0	-2.23188	1.92928	-0	0.0430108	0.0897964	0.478981	0.477636
ANNG	-12	0	-2.04738	1.70105	-0	0.0268817	0.0634866	0.423423	0.422108
TC	-11	0	-2.30905	2.06521	-0	0.0268817	0.0701119	0.383412	0.382138
C	-10	0	-3.14904	3.15974	-0	0.172043	0.275161	0.625244	0.62398
C	-9	0	-2.32812	1.97556	-0	0.198925	0.275161	0.722939	0.721858
TNNA	-8	0	-1.8552	1.46231	-0	0.0268817	0.058911	0.456311	0.454974
GC	-7	0	-1.79867	1.39732	-0	0.0376344	0.071648	0.525268	0.523924
AG	-6	0	-2.17261	1.86964	-0	0.0268817	0.0666008	0.403624	0.402327
GNC	-5	0	-2.29207	2.0402	-0	0.0268817	0.0696685	0.385852	0.384575
GC	-4	0	-2.08297	1.74228	-0	0.0322581	0.071648	0.45023	0.448896
C	-3	0	-3.14904	3.15974	-0	0.172043	0.275161	0.625244	0.62398
A	-2	0	-2.22971	1.86899	-0	0.155914	0.224086	0.695777	0.694635
G	-1	0	-2.07414	1.68214	-0	0.188172	0.254409	0.739645	0.738606
AC	1	0	-1.74982	1.34144	-0	0.0268817	0.0565065	0.475728	0.474384
CNG	2	0	-2.36615	2.13743	-0	0.0322581	0.0790771	0.407932	0.406631
AG	3	0	-2.17261	1.86964	-0	0.0268817	0.0666008	0.403624	0.402327
G	4	0	-2.91592	2.80218	-0	0.16129	0.254409	0.633981	0.63273
T	5	0	-3.03245	2.99508	-0	0.150538	0.246344	0.611087	0.609805
CNNC	6	0	-2.48835	2.31006	-0	0.0376344	0.0897964	0.419108	0.417796
TNC	7	0	-2.29207	2.0402	-0	0.0268817	0.0696685	0.385852	0.384575
CNT	8	0	-1.7066	1.2975	-0	0.0376344	0.0694444	0.541936	0.540597
TNT	9	0	-2.24454	1.97118	-0	0.0268817	0.0684364	0.392799	0.391514
CA	10	0	-2.51444	2.36533	-0	0.0322581	0.0831688	0.387863	0.386584
AG	11	0	-1.87853	1.48891	-0	0.0322581	0.0666008	0.484349	0.483003
TNC	12	0	-2.00406	1.64137	-0	0.0322581	0.0696685	0.463022	0.461682
ANNG	13	0	-2.04738	1.70105	-0	0.0268817	0.0634866	0.423423	0.422108
G	14	0	-2.41085	2.08581	-0	0.177419	0.254409	0.69738	0.696241
GNNG	15	0	-1.78591	1.38269	-0	0.0322581	0.0644017	0.500888	0.49954
GG	16	0	-2.41653	2.22814	-0	0.0268817	0.0729647	0.368421	0.367168
ANNG	17	0	-2.04738	1.70105	-0	0.0268817	0.0634866	0.423423	0.422108
G	18	0	-2.57921	2.30934	-0	0.172043	0.254409	0.676247	0.675065
TG	19	0	-2.70813	2.71002	-0	0.0268817	0.081084	0.331529	0.330335
G	20	0	-3.42098	3.66352	-0	0.145161	0.254409	0.570583	0.569262
T	21	0	-2.35177	2.01332	-0	0.172043	0.246344	0.698385	0.697248
GT	22	0	-1.7693	1.36325	-0	0.0268817	0.0569454	0.472062	0.470718
T	23	0	-1.84125	1.43576	-0	0.188172	0.246344	0.763859	0.762885
TG	24	0	-1.90227	1.51453	-0	0.0430108	0.081084	0.530447	0.529104
T	25	0	-0.650054	0.53839	-0	0.225806	0.246344	0.91663	0.916217
