#kmer	position	shift	statistics	p-value	corrected.p	frac.obs	frac.exp	obs/exp	local.r
AAT	12	0	4.71038	3.27837	-0	0.019802	0.00152323	13	14.7727
ANT	12	0	4.71038	3.27837	-0	0.019802	0.00152323	13	14.7727
TG	13	0	3.93628	3.02047	-0	0.029703	0.00424328	7	7.44681
A	8	0	-2.65734	2.96429	-0	0	0.0653465	0	0
G	8	0	-2.5848	2.80967	-0	0	0.0620462	0	0
AA	12	0	3.54432	2.77623	-0	0.029703	0.0049505	6	6.31579
CT	12	0	3.47563	2.61782	-0	0.00990099	0.000707214	14	16.092
GT	14	0	3.47563	2.61782	-0	0.00990099	0.000707214	14	16.092
AAG	4	0	3.32947	2.55501	-0	0.00990099	0.000761615	13	14.7727
ACG	12	0	3.32947	2.55501	-0	0.00990099	0.000761615	13	14.7727
AGA	5	0	3.32947	2.55501	-0	0.00990099	0.000761615	13	14.7727
AGC	13	0	3.32947	2.55501	-0	0.00990099	0.000761615	13	14.7727
ANA	5	0	3.32947	2.55501	-0	0.00990099	0.000761615	13	14.7727
ANC	13	0	3.32947	2.55501	-0	0.00990099	0.000761615	13	14.7727
ATG	13	0	3.32947	2.55501	-0	0.00990099	0.000761615	13	14.7727
GAA	3	0	3.32947	2.55501	-0	0.00990099	0.000761615	13	14.7727
GAG	3	0	3.32947	2.55501	-0	0.00990099	0.000761615	13	14.7727
GNA	3	0	3.32947	2.55501	-0	0.00990099	0.000761615	13	14.7727
GNG	3	0	3.32947	2.55501	-0	0.00990099	0.000761615	13	14.7727
AT	1	0	3.21168	2.51313	-0	0.019802	0.00282885	7	7.44681
AT	13	0	3.21168	2.51313	-0	0.019802	0.00282885	7	7.44681
AAGA	4	0	3.17674	2.48729	-0	0.00990099	0.000825083	12	13.4831
AANA	4	0	3.17674	2.48729	-0	0.00990099	0.000825083	12	13.4831
AANG	12	0	3.17674	2.48729	-0	0.00990099	0.000825083	12	13.4831
AATG	12	0	3.17674	2.48729	-0	0.00990099	0.000825083	12	13.4831
ANGA	4	0	3.17674	2.48729	-0	0.00990099	0.000825083	12	13.4831
ANNA	4	0	3.17674	2.48729	-0	0.00990099	0.000825083	12	13.4831
ANNG	12	0	3.17674	2.48729	-0	0.00990099	0.000825083	12	13.4831
ANTG	12	0	3.17674	2.48729	-0	0.00990099	0.000825083	12	13.4831
GAAG	3	0	3.17674	2.48729	-0	0.00990099	0.000825083	12	13.4831
GANG	3	0	3.17674	2.48729	-0	0.00990099	0.000825083	12	13.4831
GNAG	3	0	3.17674	2.48729	-0	0.00990099	0.000825083	12	13.4831
GNNG	3	0	3.17674	2.48729	-0	0.00990099	0.000825083	12	13.4831
CA	14	0	2.7539	2.24466	-0	0.019802	0.00353607	5.6	5.87002
TA	9	0	2.7539	2.24466	-0	0.019802	0.00353607	5.6	5.87002
T	8	0	-2.24488	2.13578	-0	0	0.0475248	0	0
AC	12	0	2.26939	2.03587	-0	0.00990099	0.00141443	7	7.44681
AC	6	0	2.26939	2.03587	-0	0.00990099	0.00141443	7	7.44681
GC	1	0	2.26939	2.03587	-0	0.00990099	0.00141443	7	7.44681
GC	14	0	2.26939	2.03587	-0	0.00990099	0.00141443	7	7.44681
AG	6	0	2.40551	2.02932	-0	0.019802	0.00424328	4.66667	4.84429
GA	1	0	2.40551	2.02932	-0	0.019802	0.00424328	4.66667	4.84429
GA	3	0	2.40551	2.02932	-0	0.019802	0.00424328	4.66667	4.84429
TG	14	0	2.40551	2.02932	-0	0.019802	0.00424328	4.66667	4.84429
CG	1	0	1.69914	1.70369	-0	0.00990099	0.00212164	4.66667	4.84429
CG	13	0	1.69914	1.70369	-0	0.00990099	0.00212164	4.66667	4.84429
CG	5	0	1.69914	1.70369	-0	0.00990099	0.00212164	4.66667	4.84429
GG	1	0	1.69914	1.70369	-0	0.00990099	0.00212164	4.66667	4.84429
GG	3	0	1.69914	1.70369	-0	0.00990099	0.00212164	4.66667	4.84429
GG	9	0	1.69914	1.70369	-0	0.00990099	0.00212164	4.66667	4.84429
TT	10	0	1.69914	1.70369	-0	0.00990099	0.00212164	4.66667	4.84429
TT	13	0	1.69914	1.70369	-0	0.00990099	0.00212164	4.66667	4.84429
TT	4	0	1.69914	1.70369	-0	0.00990099	0.00212164	4.66667	4.84429
ANG	12	0	1.60311	1.64392	-0	0.00990099	0.00228484	4.33333	4.48276
ANG	13	0	1.60311	1.64392	-0	0.00990099	0.00228484	4.33333	4.48276
ANG	4	0	1.60311	1.64392	-0	0.00990099	0.00228484	4.33333	4.48276
A	13	0	1.77156	1.4924	-0	0.108911	0.0653465	1.66667	1.67785
C	1	0	1.6986	1.47107	-0	0.049505	0.0237624	2.08333	2.10615
G	13	0	-1.75987	1.33576	-0	0.019802	0.0620462	0.319149	0.316991
G	15	0	-1.75987	1.33576	-0	0.019802	0.0620462	0.319149	0.316991
G	10	0	1.53988	1.31099	-0	0.0990099	0.0620462	1.59574	1.60531
G	14	0	1.53988	1.31099	-0	0.0990099	0.0620462	1.59574	1.60531
CA	10	0	1.07761	1.29965	-0	0.00990099	0.00353607	2.8	2.85132
CA	2	0	1.07761	1.29965	-0	0.00990099	0.00353607	2.8	2.85132
CA	9	0	1.07761	1.29965	-0	0.00990099	0.00353607	2.8	2.85132
TA	12	0	1.07761	1.29965	-0	0.00990099	0.00353607	2.8	2.85132
TA	13	0	1.07761	1.29965	-0	0.00990099	0.00353607	2.8	2.85132
TA	2	0	1.07761	1.29965	-0	0.00990099	0.00353607	2.8	2.85132
T	2	0	1.49659	1.2893	-0	0.0792079	0.0475248	1.66667	1.67785
A	15	0	1.36893	1.18144	-0	0.0990099	0.0653465	1.51515	1.523
CT	1	0	-0.267356	1.1614	-0	0	0.000707214	0	0
CT	10	0	-0.267356	1.1614	-0	0	0.000707214	0	0
CT	11	0	-0.267356	1.1614	-0	0	0.000707214	0	0
CT	13	0	-0.267356	1.1614	-0	0	0.000707214	0	0
CT	14	0	-0.267356	1.1614	-0	0	0.000707214	0	0
CT	2	0	-0.267356	1.1614	-0	0	0.000707214	0	0
CT	3	0	-0.267356	1.1614	-0	0	0.000707214	0	0
CT	4	0	-0.267356	1.1614	-0	0	0.000707214	0	0
CT	5	0	-0.267356	1.1614	-0	0	0.000707214	0	0
CT	6	0	-0.267356	1.1614	-0	0	0.000707214	0	0
CT	7	0	-0.267356	1.1614	-0	0	0.000707214	0	0
CT	8	0	-0.267356	1.1614	-0	0	0.000707214	0	0
CT	9	0	-0.267356	1.1614	-0	0	0.000707214	0	0
GT	1	0	-0.267356	1.1614	-0	0	0.000707214	0	0
GT	10	0	-0.267356	1.1614	-0	0	0.000707214	0	0
GT	11	0	-0.267356	1.1614	-0	0	0.000707214	0	0
GT	12	0	-0.267356	1.1614	-0	0	0.000707214	0	0
GT	13	0	-0.267356	1.1614	-0	0	0.000707214	0	0
GT	2	0	-0.267356	1.1614	-0	0	0.000707214	0	0
GT	3	0	-0.267356	1.1614	-0	0	0.000707214	0	0
GT	4	0	-0.267356	1.1614	-0	0	0.000707214	0	0
GT	5	0	-0.267356	1.1614	-0	0	0.000707214	0	0
GT	6	0	-0.267356	1.1614	-0	0	0.000707214	0	0
GT	7	0	-0.267356	1.1614	-0	0	0.000707214	0	0
GT	8	0	-0.267356	1.1614	-0	0	0.000707214	0	0
GT	9	0	-0.267356	1.1614	-0	0	0.000707214	0	0
AG	13	0	0.874729	1.16095	-0	0.00990099	0.00424328	2.33333	2.36486
AG	3	0	0.874729	1.16095	-0	0.00990099	0.00424328	2.33333	2.36486
AG	4	0	0.874729	1.16095	-0	0.00990099	0.00424328	2.33333	2.36486
AG	5	0	0.874729	1.16095	-0	0.00990099	0.00424328	2.33333	2.36486
GA	2	0	0.874729	1.16095	-0	0.00990099	0.00424328	2.33333	2.36486
GA	6	0	0.874729	1.16095	-0	0.00990099	0.00424328	2.33333	2.36486
TG	1	0	0.874729	1.16095	-0	0.00990099	0.00424328	2.33333	2.36486
AAG	1	0	-0.277456	1.13038	-0	0	0.000761615	0	0
AAG	10	0	-0.277456	1.13038	-0	0	0.000761615	0	0
AAG	11	0	-0.277456	1.13038	-0	0	0.000761615	0	0
AAG	12	0	-0.277456	1.13038	-0	0	0.000761615	0	0
AAG	13	0	-0.277456	1.13038	-0	0	0.000761615	0	0
AAG	2	0	-0.277456	1.13038	-0	0	0.000761615	0	0
AAG	3	0	-0.277456	1.13038	-0	0	0.000761615	0	0
AAG	5	0	-0.277456	1.13038	-0	0	0.000761615	0	0
AAG	6	0	-0.277456	1.13038	-0	0	0.000761615	0	0
AAG	7	0	-0.277456	1.13038	-0	0	0.000761615	0	0
AAG	8	0	-0.277456	1.13038	-0	0	0.000761615	0	0
AAG	9	0	-0.277456	1.13038	-0	0	0.000761615	0	0
ACG	1	0	-0.277456	1.13038	-0	0	0.000761615	0	0
ACG	10	0	-0.277456	1.13038	-0	0	0.000761615	0	0
ACG	11	0	-0.277456	1.13038	-0	0	0.000761615	0	0
ACG	13	0	-0.277456	1.13038	-0	0	0.000761615	0	0
ACG	2	0	-0.277456	1.13038	-0	0	0.000761615	0	0
ACG	3	0	-0.277456	1.13038	-0	0	0.000761615	0	0
ACG	4	0	-0.277456	1.13038	-0	0	0.000761615	0	0
ACG	5	0	-0.277456	1.13038	-0	0	0.000761615	0	0
ACG	6	0	-0.277456	1.13038	-0	0	0.000761615	0	0
ACG	7	0	-0.277456	1.13038	-0	0	0.000761615	0	0
ACG	8	0	-0.277456	1.13038	-0	0	0.000761615	0	0
ACG	9	0	-0.277456	1.13038	-0	0	0.000761615	0	0
AGA	1	0	-0.277456	1.13038	-0	0	0.000761615	0	0
AGA	10	0	-0.277456	1.13038	-0	0	0.000761615	0	0
AGA	11	0	-0.277456	1.13038	-0	0	0.000761615	0	0
AGA	12	0	-0.277456	1.13038	-0	0	0.000761615	0	0
AGA	13	0	-0.277456	1.13038	-0	0	0.000761615	0	0
AGA	2	0	-0.277456	1.13038	-0	0	0.000761615	0	0
AGA	3	0	-0.277456	1.13038	-0	0	0.000761615	0	0
AGA	4	0	-0.277456	1.13038	-0	0	0.000761615	0	0
AGA	6	0	-0.277456	1.13038	-0	0	0.000761615	0	0
AGA	7	0	-0.277456	1.13038	-0	0	0.000761615	0	0
AGA	8	0	-0.277456	1.13038	-0	0	0.000761615	0	0
AGA	9	0	-0.277456	1.13038	-0	0	0.000761615	0	0
AGC	1	0	-0.277456	1.13038	-0	0	0.000761615	0	0
AGC	10	0	-0.277456	1.13038	-0	0	0.000761615	0	0
AGC	11	0	-0.277456	1.13038	-0	0	0.000761615	0	0
AGC	12	0	-0.277456	1.13038	-0	0	0.000761615	0	0
AGC	2	0	-0.277456	1.13038	-0	0	0.000761615	0	0
AGC	3	0	-0.277456	1.13038	-0	0	0.000761615	0	0
AGC	4	0	-0.277456	1.13038	-0	0	0.000761615	0	0
AGC	5	0	-0.277456	1.13038	-0	0	0.000761615	0	0
AGC	6	0	-0.277456	1.13038	-0	0	0.000761615	0	0
AGC	7	0	-0.277456	1.13038	-0	0	0.000761615	0	0
AGC	8	0	-0.277456	1.13038	-0	0	0.000761615	0	0
AGC	9	0	-0.277456	1.13038	-0	0	0.000761615	0	0
ANA	1	0	-0.277456	1.13038	-0	0	0.000761615	0	0
ANA	10	0	-0.277456	1.13038	-0	0	0.000761615	0	0
ANA	11	0	-0.277456	1.13038	-0	0	0.000761615	0	0
ANA	12	0	-0.277456	1.13038	-0	0	0.000761615	0	0
ANA	13	0	-0.277456	1.13038	-0	0	0.000761615	0	0
ANA	2	0	-0.277456	1.13038	-0	0	0.000761615	0	0
ANA	3	0	-0.277456	1.13038	-0	0	0.000761615	0	0
ANA	4	0	-0.277456	1.13038	-0	0	0.000761615	0	0
ANA	6	0	-0.277456	1.13038	-0	0	0.000761615	0	0
ANA	7	0	-0.277456	1.13038	-0	0	0.000761615	0	0
ANA	8	0	-0.277456	1.13038	-0	0	0.000761615	0	0
ANA	9	0	-0.277456	1.13038	-0	0	0.000761615	0	0
ANC	1	0	-0.277456	1.13038	-0	0	0.000761615	0	0
ANC	10	0	-0.277456	1.13038	-0	0	0.000761615	0	0
ANC	11	0	-0.277456	1.13038	-0	0	0.000761615	0	0
ANC	12	0	-0.277456	1.13038	-0	0	0.000761615	0	0
ANC	2	0	-0.277456	1.13038	-0	0	0.000761615	0	0
ANC	3	0	-0.277456	1.13038	-0	0	0.000761615	0	0
ANC	4	0	-0.277456	1.13038	-0	0	0.000761615	0	0
ANC	5	0	-0.277456	1.13038	-0	0	0.000761615	0	0
ANC	6	0	-0.277456	1.13038	-0	0	0.000761615	0	0
ANC	7	0	-0.277456	1.13038	-0	0	0.000761615	0	0
ANC	8	0	-0.277456	1.13038	-0	0	0.000761615	0	0
ANC	9	0	-0.277456	1.13038	-0	0	0.000761615	0	0
ATG	1	0	-0.277456	1.13038	-0	0	0.000761615	0	0
ATG	10	0	-0.277456	1.13038	-0	0	0.000761615	0	0
ATG	11	0	-0.277456	1.13038	-0	0	0.000761615	0	0
ATG	12	0	-0.277456	1.13038	-0	0	0.000761615	0	0
ATG	2	0	-0.277456	1.13038	-0	0	0.000761615	0	0
ATG	3	0	-0.277456	1.13038	-0	0	0.000761615	0	0
ATG	4	0	-0.277456	1.13038	-0	0	0.000761615	0	0
ATG	5	0	-0.277456	1.13038	-0	0	0.000761615	0	0
ATG	6	0	-0.277456	1.13038	-0	0	0.000761615	0	0
ATG	7	0	-0.277456	1.13038	-0	0	0.000761615	0	0
ATG	8	0	-0.277456	1.13038	-0	0	0.000761615	0	0
ATG	9	0	-0.277456	1.13038	-0	0	0.000761615	0	0
GAA	1	0	-0.277456	1.13038	-0	0	0.000761615	0	0
GAA	10	0	-0.277456	1.13038	-0	0	0.000761615	0	0
GAA	11	0	-0.277456	1.13038	-0	0	0.000761615	0	0
GAA	12	0	-0.277456	1.13038	-0	0	0.000761615	0	0
GAA	13	0	-0.277456	1.13038	-0	0	0.000761615	0	0
GAA	2	0	-0.277456	1.13038	-0	0	0.000761615	0	0
GAA	4	0	-0.277456	1.13038	-0	0	0.000761615	0	0
GAA	5	0	-0.277456	1.13038	-0	0	0.000761615	0	0
GAA	6	0	-0.277456	1.13038	-0	0	0.000761615	0	0
GAA	7	0	-0.277456	1.13038	-0	0	0.000761615	0	0
GAA	8	0	-0.277456	1.13038	-0	0	0.000761615	0	0
GAA	9	0	-0.277456	1.13038	-0	0	0.000761615	0	0
GAG	1	0	-0.277456	1.13038	-0	0	0.000761615	0	0
GAG	10	0	-0.277456	1.13038	-0	0	0.000761615	0	0
GAG	11	0	-0.277456	1.13038	-0	0	0.000761615	0	0
GAG	12	0	-0.277456	1.13038	-0	0	0.000761615	0	0
GAG	13	0	-0.277456	1.13038	-0	0	0.000761615	0	0
GAG	2	0	-0.277456	1.13038	-0	0	0.000761615	0	0
GAG	4	0	-0.277456	1.13038	-0	0	0.000761615	0	0
GAG	5	0	-0.277456	1.13038	-0	0	0.000761615	0	0
GAG	6	0	-0.277456	1.13038	-0	0	0.000761615	0	0
GAG	7	0	-0.277456	1.13038	-0	0	0.000761615	0	0
GAG	8	0	-0.277456	1.13038	-0	0	0.000761615	0	0
GAG	9	0	-0.277456	1.13038	-0	0	0.000761615	0	0
GNA	1	0	-0.277456	1.13038	-0	0	0.000761615	0	0
GNA	10	0	-0.277456	1.13038	-0	0	0.000761615	0	0
GNA	11	0	-0.277456	1.13038	-0	0	0.000761615	0	0
GNA	12	0	-0.277456	1.13038	-0	0	0.000761615	0	0
GNA	13	0	-0.277456	1.13038	-0	0	0.000761615	0	0
GNA	2	0	-0.277456	1.13038	-0	0	0.000761615	0	0
GNA	4	0	-0.277456	1.13038	-0	0	0.000761615	0	0
GNA	5	0	-0.277456	1.13038	-0	0	0.000761615	0	0
GNA	6	0	-0.277456	1.13038	-0	0	0.000761615	0	0
GNA	7	0	-0.277456	1.13038	-0	0	0.000761615	0	0
GNA	8	0	-0.277456	1.13038	-0	0	0.000761615	0	0
GNA	9	0	-0.277456	1.13038	-0	0	0.000761615	0	0
GNG	1	0	-0.277456	1.13038	-0	0	0.000761615	0	0
GNG	10	0	-0.277456	1.13038	-0	0	0.000761615	0	0
GNG	11	0	-0.277456	1.13038	-0	0	0.000761615	0	0
GNG	12	0	-0.277456	1.13038	-0	0	0.000761615	0	0
GNG	13	0	-0.277456	1.13038	-0	0	0.000761615	0	0
GNG	2	0	-0.277456	1.13038	-0	0	0.000761615	0	0
GNG	4	0	-0.277456	1.13038	-0	0	0.000761615	0	0
GNG	5	0	-0.277456	1.13038	-0	0	0.000761615	0	0
GNG	6	0	-0.277456	1.13038	-0	0	0.000761615	0	0
GNG	7	0	-0.277456	1.13038	-0	0	0.000761615	0	0
GNG	8	0	-0.277456	1.13038	-0	0	0.000761615	0	0
GNG	9	0	-0.277456	1.13038	-0	0	0.000761615	0	0
AAGA	1	0	-0.288794	1.09698	-0	0	0.000825083	0	0
AAGA	10	0	-0.288794	1.09698	-0	0	0.000825083	0	0
AAGA	11	0	-0.288794	1.09698	-0	0	0.000825083	0	0
AAGA	12	0	-0.288794	1.09698	-0	0	0.000825083	0	0
AAGA	2	0	-0.288794	1.09698	-0	0	0.000825083	0	0
AAGA	3	0	-0.288794	1.09698	-0	0	0.000825083	0	0
AAGA	5	0	-0.288794	1.09698	-0	0	0.000825083	0	0
AAGA	6	0	-0.288794	1.09698	-0	0	0.000825083	0	0
AAGA	7	0	-0.288794	1.09698	-0	0	0.000825083	0	0
AAGA	8	0	-0.288794	1.09698	-0	0	0.000825083	0	0
AAGA	9	0	-0.288794	1.09698	-0	0	0.000825083	0	0
AANA	1	0	-0.288794	1.09698	-0	0	0.000825083	0	0
AANA	10	0	-0.288794	1.09698	-0	0	0.000825083	0	0
AANA	11	0	-0.288794	1.09698	-0	0	0.000825083	0	0
AANA	12	0	-0.288794	1.09698	-0	0	0.000825083	0	0
AANA	2	0	-0.288794	1.09698	-0	0	0.000825083	0	0
AANA	3	0	-0.288794	1.09698	-0	0	0.000825083	0	0
AANA	5	0	-0.288794	1.09698	-0	0	0.000825083	0	0
AANA	6	0	-0.288794	1.09698	-0	0	0.000825083	0	0
AANA	7	0	-0.288794	1.09698	-0	0	0.000825083	0	0
AANA	8	0	-0.288794	1.09698	-0	0	0.000825083	0	0
AANA	9	0	-0.288794	1.09698	-0	0	0.000825083	0	0
AANG	1	0	-0.288794	1.09698	-0	0	0.000825083	0	0
AANG	10	0	-0.288794	1.09698	-0	0	0.000825083	0	0
AANG	11	0	-0.288794	1.09698	-0	0	0.000825083	0	0
AANG	2	0	-0.288794	1.09698	-0	0	0.000825083	0	0
AANG	3	0	-0.288794	1.09698	-0	0	0.000825083	0	0
AANG	4	0	-0.288794	1.09698	-0	0	0.000825083	0	0
AANG	5	0	-0.288794	1.09698	-0	0	0.000825083	0	0
AANG	6	0	-0.288794	1.09698	-0	0	0.000825083	0	0
AANG	7	0	-0.288794	1.09698	-0	0	0.000825083	0	0
AANG	8	0	-0.288794	1.09698	-0	0	0.000825083	0	0
AANG	9	0	-0.288794	1.09698	-0	0	0.000825083	0	0
AATG	1	0	-0.288794	1.09698	-0	0	0.000825083	0	0
AATG	10	0	-0.288794	1.09698	-0	0	0.000825083	0	0
AATG	11	0	-0.288794	1.09698	-0	0	0.000825083	0	0
AATG	2	0	-0.288794	1.09698	-0	0	0.000825083	0	0
AATG	3	0	-0.288794	1.09698	-0	0	0.000825083	0	0
AATG	4	0	-0.288794	1.09698	-0	0	0.000825083	0	0
AATG	5	0	-0.288794	1.09698	-0	0	0.000825083	0	0
AATG	6	0	-0.288794	1.09698	-0	0	0.000825083	0	0
AATG	7	0	-0.288794	1.09698	-0	0	0.000825083	0	0
AATG	8	0	-0.288794	1.09698	-0	0	0.000825083	0	0
AATG	9	0	-0.288794	1.09698	-0	0	0.000825083	0	0
ANGA	1	0	-0.288794	1.09698	-0	0	0.000825083	0	0
ANGA	10	0	-0.288794	1.09698	-0	0	0.000825083	0	0
ANGA	11	0	-0.288794	1.09698	-0	0	0.000825083	0	0
ANGA	12	0	-0.288794	1.09698	-0	0	0.000825083	0	0
ANGA	2	0	-0.288794	1.09698	-0	0	0.000825083	0	0
ANGA	3	0	-0.288794	1.09698	-0	0	0.000825083	0	0
ANGA	5	0	-0.288794	1.09698	-0	0	0.000825083	0	0
ANGA	6	0	-0.288794	1.09698	-0	0	0.000825083	0	0
ANGA	7	0	-0.288794	1.09698	-0	0	0.000825083	0	0
ANGA	8	0	-0.288794	1.09698	-0	0	0.000825083	0	0
ANGA	9	0	-0.288794	1.09698	-0	0	0.000825083	0	0
ANNA	1	0	-0.288794	1.09698	-0	0	0.000825083	0	0
ANNA	10	0	-0.288794	1.09698	-0	0	0.000825083	0	0
ANNA	11	0	-0.288794	1.09698	-0	0	0.000825083	0	0
ANNA	12	0	-0.288794	1.09698	-0	0	0.000825083	0	0
ANNA	2	0	-0.288794	1.09698	-0	0	0.000825083	0	0
ANNA	3	0	-0.288794	1.09698	-0	0	0.000825083	0	0
ANNA	5	0	-0.288794	1.09698	-0	0	0.000825083	0	0
ANNA	6	0	-0.288794	1.09698	-0	0	0.000825083	0	0
ANNA	7	0	-0.288794	1.09698	-0	0	0.000825083	0	0
ANNA	8	0	-0.288794	1.09698	-0	0	0.000825083	0	0
ANNA	9	0	-0.288794	1.09698	-0	0	0.000825083	0	0
ANNG	1	0	-0.288794	1.09698	-0	0	0.000825083	0	0
ANNG	10	0	-0.288794	1.09698	-0	0	0.000825083	0	0
ANNG	11	0	-0.288794	1.09698	-0	0	0.000825083	0	0
ANNG	2	0	-0.288794	1.09698	-0	0	0.000825083	0	0
ANNG	3	0	-0.288794	1.09698	-0	0	0.000825083	0	0
ANNG	4	0	-0.288794	1.09698	-0	0	0.000825083	0	0
ANNG	5	0	-0.288794	1.09698	-0	0	0.000825083	0	0
ANNG	6	0	-0.288794	1.09698	-0	0	0.000825083	0	0
ANNG	7	0	-0.288794	1.09698	-0	0	0.000825083	0	0
ANNG	8	0	-0.288794	1.09698	-0	0	0.000825083	0	0
ANNG	9	0	-0.288794	1.09698	-0	0	0.000825083	0	0
ANTG	1	0	-0.288794	1.09698	-0	0	0.000825083	0	0
ANTG	10	0	-0.288794	1.09698	-0	0	0.000825083	0	0
ANTG	11	0	-0.288794	1.09698	-0	0	0.000825083	0	0
ANTG	2	0	-0.288794	1.09698	-0	0	0.000825083	0	0
ANTG	3	0	-0.288794	1.09698	-0	0	0.000825083	0	0
ANTG	4	0	-0.288794	1.09698	-0	0	0.000825083	0	0
ANTG	5	0	-0.288794	1.09698	-0	0	0.000825083	0	0
ANTG	6	0	-0.288794	1.09698	-0	0	0.000825083	0	0
ANTG	7	0	-0.288794	1.09698	-0	0	0.000825083	0	0
ANTG	8	0	-0.288794	1.09698	-0	0	0.000825083	0	0
ANTG	9	0	-0.288794	1.09698	-0	0	0.000825083	0	0
GAAG	1	0	-0.288794	1.09698	-0	0	0.000825083	0	0
GAAG	10	0	-0.288794	1.09698	-0	0	0.000825083	0	0
GAAG	11	0	-0.288794	1.09698	-0	0	0.000825083	0	0
GAAG	12	0	-0.288794	1.09698	-0	0	0.000825083	0	0
GAAG	2	0	-0.288794	1.09698	-0	0	0.000825083	0	0
GAAG	4	0	-0.288794	1.09698	-0	0	0.000825083	0	0
GAAG	5	0	-0.288794	1.09698	-0	0	0.000825083	0	0
GAAG	6	0	-0.288794	1.09698	-0	0	0.000825083	0	0
GAAG	7	0	-0.288794	1.09698	-0	0	0.000825083	0	0
GAAG	8	0	-0.288794	1.09698	-0	0	0.000825083	0	0
GAAG	9	0	-0.288794	1.09698	-0	0	0.000825083	0	0
GANG	1	0	-0.288794	1.09698	-0	0	0.000825083	0	0
GANG	10	0	-0.288794	1.09698	-0	0	0.000825083	0	0
GANG	11	0	-0.288794	1.09698	-0	0	0.000825083	0	0
GANG	12	0	-0.288794	1.09698	-0	0	0.000825083	0	0
GANG	2	0	-0.288794	1.09698	-0	0	0.000825083	0	0
GANG	4	0	-0.288794	1.09698	-0	0	0.000825083	0	0
GANG	5	0	-0.288794	1.09698	-0	0	0.000825083	0	0
GANG	6	0	-0.288794	1.09698	-0	0	0.000825083	0	0
GANG	7	0	-0.288794	1.09698	-0	0	0.000825083	0	0
GANG	8	0	-0.288794	1.09698	-0	0	0.000825083	0	0
GANG	9	0	-0.288794	1.09698	-0	0	0.000825083	0	0
GNAG	1	0	-0.288794	1.09698	-0	0	0.000825083	0	0
GNAG	10	0	-0.288794	1.09698	-0	0	0.000825083	0	0
GNAG	11	0	-0.288794	1.09698	-0	0	0.000825083	0	0
GNAG	12	0	-0.288794	1.09698	-0	0	0.000825083	0	0
GNAG	2	0	-0.288794	1.09698	-0	0	0.000825083	0	0
GNAG	4	0	-0.288794	1.09698	-0	0	0.000825083	0	0
GNAG	5	0	-0.288794	1.09698	-0	0	0.000825083	0	0
GNAG	6	0	-0.288794	1.09698	-0	0	0.000825083	0	0
GNAG	7	0	-0.288794	1.09698	-0	0	0.000825083	0	0
GNAG	8	0	-0.288794	1.09698	-0	0	0.000825083	0	0
GNAG	9	0	-0.288794	1.09698	-0	0	0.000825083	0	0
GNNG	1	0	-0.288794	1.09698	-0	0	0.000825083	0	0
GNNG	10	0	-0.288794	1.09698	-0	0	0.000825083	0	0
GNNG	11	0	-0.288794	1.09698	-0	0	0.000825083	0	0
GNNG	12	0	-0.288794	1.09698	-0	0	0.000825083	0	0
GNNG	2	0	-0.288794	1.09698	-0	0	0.000825083	0	0
GNNG	4	0	-0.288794	1.09698	-0	0	0.000825083	0	0
GNNG	5	0	-0.288794	1.09698	-0	0	0.000825083	0	0
GNNG	6	0	-0.288794	1.09698	-0	0	0.000825083	0	0
GNNG	7	0	-0.288794	1.09698	-0	0	0.000825083	0	0
GNNG	8	0	-0.288794	1.09698	-0	0	0.000825083	0	0
GNNG	9	0	-0.288794	1.09698	-0	0	0.000825083	0	0
C	6	0	-1.56793	1.05489	-0	0	0.0237624	0	0
C	8	0	-1.56793	1.05489	-0	0	0.0237624	0	0
AA	1	0	0.708864	1.0466	-0	0.00990099	0.0049505	2	2.0202
AA	14	0	0.708864	1.0466	-0	0.00990099	0.0049505	2	2.0202
AA	4	0	0.708864	1.0466	-0	0.00990099	0.0049505	2	2.0202
AA	9	0	0.708864	1.0466	-0	0.00990099	0.0049505	2	2.0202
C	12	0	1.04529	1.02945	-0	0.039604	0.0237624	1.66667	1.67785
C	2	0	1.04529	1.02945	-0	0.039604	0.0237624	1.66667	1.67785
C	7	0	1.04529	1.02945	-0	0.039604	0.0237624	1.66667	1.67785
G	7	0	1.12741	1.01481	-0	0.0891089	0.0620462	1.43617	1.44246
T	13	0	1.0289	0.965917	-0	0.0693069	0.0475248	1.45833	1.46505
T	14	0	1.0289	0.965917	-0	0.0693069	0.0475248	1.45833	1.46505
T	9	0	1.0289	0.965917	-0	0.0693069	0.0475248	1.45833	1.46505
A	10	0	0.966304	0.906356	-0	0.0891089	0.0653465	1.36364	1.36861
AC	1	0	-0.378232	0.875464	-0	0	0.00141443	0	0
AC	10	0	-0.378232	0.875464	-0	0	0.00141443	0	0
AC	11	0	-0.378232	0.875464	-0	0	0.00141443	0	0
AC	13	0	-0.378232	0.875464	-0	0	0.00141443	0	0
AC	14	0	-0.378232	0.875464	-0	0	0.00141443	0	0
AC	2	0	-0.378232	0.875464	-0	0	0.00141443	0	0
AC	3	0	-0.378232	0.875464	-0	0	0.00141443	0	0
AC	4	0	-0.378232	0.875464	-0	0	0.00141443	0	0
AC	5	0	-0.378232	0.875464	-0	0	0.00141443	0	0
AC	7	0	-0.378232	0.875464	-0	0	0.00141443	0	0
AC	8	0	-0.378232	0.875464	-0	0	0.00141443	0	0
AC	9	0	-0.378232	0.875464	-0	0	0.00141443	0	0
GC	10	0	-0.378232	0.875464	-0	0	0.00141443	0	0
GC	11	0	-0.378232	0.875464	-0	0	0.00141443	0	0
GC	12	0	-0.378232	0.875464	-0	0	0.00141443	0	0
GC	13	0	-0.378232	0.875464	-0	0	0.00141443	0	0
GC	2	0	-0.378232	0.875464	-0	0	0.00141443	0	0
GC	3	0	-0.378232	0.875464	-0	0	0.00141443	0	0
GC	4	0	-0.378232	0.875464	-0	0	0.00141443	0	0
GC	5	0	-0.378232	0.875464	-0	0	0.00141443	0	0
GC	6	0	-0.378232	0.875464	-0	0	0.00141443	0	0
GC	7	0	-0.378232	0.875464	-0	0	0.00141443	0	0
GC	8	0	-0.378232	0.875464	-0	0	0.00141443	0	0
GC	9	0	-0.378232	0.875464	-0	0	0.00141443	0	0
T	6	0	-1.30952	0.865982	-0	0.019802	0.0475248	0.416667	0.41425
AAT	1	0	-0.392531	0.845586	-0	0	0.00152323	0	0
AAT	10	0	-0.392531	0.845586	-0	0	0.00152323	0	0
AAT	11	0	-0.392531	0.845586	-0	0	0.00152323	0	0
AAT	13	0	-0.392531	0.845586	-0	0	0.00152323	0	0
AAT	2	0	-0.392531	0.845586	-0	0	0.00152323	0	0
AAT	3	0	-0.392531	0.845586	-0	0	0.00152323	0	0
AAT	4	0	-0.392531	0.845586	-0	0	0.00152323	0	0
AAT	5	0	-0.392531	0.845586	-0	0	0.00152323	0	0
AAT	6	0	-0.392531	0.845586	-0	0	0.00152323	0	0
AAT	7	0	-0.392531	0.845586	-0	0	0.00152323	0	0
AAT	8	0	-0.392531	0.845586	-0	0	0.00152323	0	0
AAT	9	0	-0.392531	0.845586	-0	0	0.00152323	0	0
ANT	1	0	-0.392531	0.845586	-0	0	0.00152323	0	0
ANT	10	0	-0.392531	0.845586	-0	0	0.00152323	0	0
ANT	11	0	-0.392531	0.845586	-0	0	0.00152323	0	0
ANT	13	0	-0.392531	0.845586	-0	0	0.00152323	0	0
ANT	2	0	-0.392531	0.845586	-0	0	0.00152323	0	0
ANT	3	0	-0.392531	0.845586	-0	0	0.00152323	0	0
ANT	4	0	-0.392531	0.845586	-0	0	0.00152323	0	0
ANT	5	0	-0.392531	0.845586	-0	0	0.00152323	0	0
ANT	6	0	-0.392531	0.845586	-0	0	0.00152323	0	0
ANT	7	0	-0.392531	0.845586	-0	0	0.00152323	0	0
ANT	8	0	-0.392531	0.845586	-0	0	0.00152323	0	0
ANT	9	0	-0.392531	0.845586	-0	0	0.00152323	0	0
G	1	0	0.714946	0.756573	-0	0.0792079	0.0620462	1.2766	1.28014
G	11	0	0.714946	0.756573	-0	0.0792079	0.0620462	1.2766	1.28014
G	9	0	0.714946	0.756573	-0	0.0792079	0.0620462	1.2766	1.28014
CG	10	0	-0.463402	0.714294	-0	0	0.00212164	0	0
CG	11	0	-0.463402	0.714294	-0	0	0.00212164	0	0
CG	12	0	-0.463402	0.714294	-0	0	0.00212164	0	0
CG	14	0	-0.463402	0.714294	-0	0	0.00212164	0	0
CG	2	0	-0.463402	0.714294	-0	0	0.00212164	0	0
CG	3	0	-0.463402	0.714294	-0	0	0.00212164	0	0
CG	4	0	-0.463402	0.714294	-0	0	0.00212164	0	0
CG	6	0	-0.463402	0.714294	-0	0	0.00212164	0	0
CG	7	0	-0.463402	0.714294	-0	0	0.00212164	0	0
CG	8	0	-0.463402	0.714294	-0	0	0.00212164	0	0
CG	9	0	-0.463402	0.714294	-0	0	0.00212164	0	0
GG	10	0	-0.463402	0.714294	-0	0	0.00212164	0	0
GG	11	0	-0.463402	0.714294	-0	0	0.00212164	0	0
GG	12	0	-0.463402	0.714294	-0	0	0.00212164	0	0
GG	13	0	-0.463402	0.714294	-0	0	0.00212164	0	0
GG	14	0	-0.463402	0.714294	-0	0	0.00212164	0	0
GG	2	0	-0.463402	0.714294	-0	0	0.00212164	0	0
GG	4	0	-0.463402	0.714294	-0	0	0.00212164	0	0
GG	5	0	-0.463402	0.714294	-0	0	0.00212164	0	0
GG	6	0	-0.463402	0.714294	-0	0	0.00212164	0	0
GG	7	0	-0.463402	0.714294	-0	0	0.00212164	0	0
GG	8	0	-0.463402	0.714294	-0	0	0.00212164	0	0
TT	1	0	-0.463402	0.714294	-0	0	0.00212164	0	0
TT	11	0	-0.463402	0.714294	-0	0	0.00212164	0	0
TT	12	0	-0.463402	0.714294	-0	0	0.00212164	0	0
TT	14	0	-0.463402	0.714294	-0	0	0.00212164	0	0
TT	2	0	-0.463402	0.714294	-0	0	0.00212164	0	0
TT	3	0	-0.463402	0.714294	-0	0	0.00212164	0	0
TT	5	0	-0.463402	0.714294	-0	0	0.00212164	0	0
TT	6	0	-0.463402	0.714294	-0	0	0.00212164	0	0
TT	7	0	-0.463402	0.714294	-0	0	0.00212164	0	0
TT	8	0	-0.463402	0.714294	-0	0	0.00212164	0	0
TT	9	0	-0.463402	0.714294	-0	0	0.00212164	0	0
A	11	0	-1.04683	0.691849	-0	0.039604	0.0653465	0.606061	0.603682
T	1	0	0.561221	0.688166	-0	0.0594059	0.0475248	1.25	1.25313
T	10	0	0.561221	0.688166	-0	0.0594059	0.0475248	1.25	1.25313
ANG	1	0	-0.480934	0.685528	-0	0	0.00228484	0	0
ANG	10	0	-0.480934	0.685528	-0	0	0.00228484	0	0
ANG	11	0	-0.480934	0.685528	-0	0	0.00228484	0	0
ANG	2	0	-0.480934	0.685528	-0	0	0.00228484	0	0
ANG	3	0	-0.480934	0.685528	-0	0	0.00228484	0	0
ANG	5	0	-0.480934	0.685528	-0	0	0.00228484	0	0
ANG	6	0	-0.480934	0.685528	-0	0	0.00228484	0	0
ANG	7	0	-0.480934	0.685528	-0	0	0.00228484	0	0
ANG	8	0	-0.480934	0.685528	-0	0	0.00228484	0	0
ANG	9	0	-0.480934	0.685528	-0	0	0.00228484	0	0
A	12	0	0.563678	0.668441	-0	0.0792079	0.0653465	1.21212	1.2147
A	7	0	0.563678	0.668441	-0	0.0792079	0.0653465	1.21212	1.2147
C	10	0	0.391984	0.658075	-0	0.029703	0.0237624	1.25	1.25313
C	13	0	0.391984	0.658075	-0	0.029703	0.0237624	1.25	1.25313
C	14	0	0.391984	0.658075	-0	0.029703	0.0237624	1.25	1.25313
C	15	0	0.391984	0.658075	-0	0.029703	0.0237624	1.25	1.25313
G	5	0	-0.934929	0.615989	-0	0.039604	0.0620462	0.638298	0.635997
AT	10	0	-0.53528	0.604103	-0	0	0.00282885	0	0
AT	11	0	-0.53528	0.604103	-0	0	0.00282885	0	0
AT	12	0	-0.53528	0.604103	-0	0	0.00282885	0	0
AT	14	0	-0.53528	0.604103	-0	0	0.00282885	0	0
AT	2	0	-0.53528	0.604103	-0	0	0.00282885	0	0
AT	3	0	-0.53528	0.604103	-0	0	0.00282885	0	0
AT	4	0	-0.53528	0.604103	-0	0	0.00282885	0	0
AT	5	0	-0.53528	0.604103	-0	0	0.00282885	0	0
AT	6	0	-0.53528	0.604103	-0	0	0.00282885	0	0
AT	7	0	-0.53528	0.604103	-0	0	0.00282885	0	0
AT	8	0	-0.53528	0.604103	-0	0	0.00282885	0	0
AT	9	0	-0.53528	0.604103	-0	0	0.00282885	0	0
T	12	0	-0.841831	0.541233	-0	0.029703	0.0475248	0.625	0.622665
T	4	0	-0.841831	0.541233	-0	0.029703	0.0475248	0.625	0.622665
G	2	0	0.302477	0.537583	-0	0.0693069	0.0620462	1.11702	1.11833
G	3	0	0.302477	0.537583	-0	0.0693069	0.0620462	1.11702	1.11833
G	6	0	0.302477	0.537583	-0	0.0693069	0.0620462	1.11702	1.11833
CA	1	0	-0.598674	0.521765	-0	0	0.00353607	0	0
CA	11	0	-0.598674	0.521765	-0	0	0.00353607	0	0
CA	12	0	-0.598674	0.521765	-0	0	0.00353607	0	0
CA	13	0	-0.598674	0.521765	-0	0	0.00353607	0	0
CA	3	0	-0.598674	0.521765	-0	0	0.00353607	0	0
CA	4	0	-0.598674	0.521765	-0	0	0.00353607	0	0
CA	5	0	-0.598674	0.521765	-0	0	0.00353607	0	0
CA	6	0	-0.598674	0.521765	-0	0	0.00353607	0	0
CA	7	0	-0.598674	0.521765	-0	0	0.00353607	0	0
CA	8	0	-0.598674	0.521765	-0	0	0.00353607	0	0
TA	1	0	-0.598674	0.521765	-0	0	0.00353607	0	0
TA	10	0	-0.598674	0.521765	-0	0	0.00353607	0	0
TA	11	0	-0.598674	0.521765	-0	0	0.00353607	0	0
TA	14	0	-0.598674	0.521765	-0	0	0.00353607	0	0
TA	3	0	-0.598674	0.521765	-0	0	0.00353607	0	0
TA	4	0	-0.598674	0.521765	-0	0	0.00353607	0	0
TA	5	0	-0.598674	0.521765	-0	0	0.00353607	0	0
TA	6	0	-0.598674	0.521765	-0	0	0.00353607	0	0
TA	7	0	-0.598674	0.521765	-0	0	0.00353607	0	0
TA	8	0	-0.598674	0.521765	-0	0	0.00353607	0	0
C	11	0	-0.914628	0.516013	-0	0.00990099	0.0237624	0.416667	0.41425
C	4	0	-0.914628	0.516013	-0	0.00990099	0.0237624	0.416667	0.41425
C	5	0	-0.914628	0.516013	-0	0.00990099	0.0237624	0.416667	0.41425
A	4	0	0.161051	0.468733	-0	0.0693069	0.0653465	1.06061	1.06125
A	5	0	0.161051	0.468733	-0	0.0693069	0.0653465	1.06061	1.06125
A	6	0	-0.644203	0.459708	-0	0.049505	0.0653465	0.757576	0.755744
T	11	0	0.0935368	0.458301	-0	0.049505	0.0475248	1.04167	1.0421
T	3	0	0.0935368	0.458301	-0	0.049505	0.0475248	1.04167	1.0421
T	5	0	0.0935368	0.458301	-0	0.049505	0.0475248	1.04167	1.0421
AG	1	0	-0.656047	0.456982	-0	0	0.00424328	0	0
AG	10	0	-0.656047	0.456982	-0	0	0.00424328	0	0
AG	11	0	-0.656047	0.456982	-0	0	0.00424328	0	0
AG	12	0	-0.656047	0.456982	-0	0	0.00424328	0	0
AG	14	0	-0.656047	0.456982	-0	0	0.00424328	0	0
AG	2	0	-0.656047	0.456982	-0	0	0.00424328	0	0
AG	7	0	-0.656047	0.456982	-0	0	0.00424328	0	0
AG	8	0	-0.656047	0.456982	-0	0	0.00424328	0	0
AG	9	0	-0.656047	0.456982	-0	0	0.00424328	0	0
GA	10	0	-0.656047	0.456982	-0	0	0.00424328	0	0
GA	11	0	-0.656047	0.456982	-0	0	0.00424328	0	0
GA	12	0	-0.656047	0.456982	-0	0	0.00424328	0	0
GA	13	0	-0.656047	0.456982	-0	0	0.00424328	0	0
GA	14	0	-0.656047	0.456982	-0	0	0.00424328	0	0
GA	4	0	-0.656047	0.456982	-0	0	0.00424328	0	0
GA	5	0	-0.656047	0.456982	-0	0	0.00424328	0	0
GA	7	0	-0.656047	0.456982	-0	0	0.00424328	0	0
GA	8	0	-0.656047	0.456982	-0	0	0.00424328	0	0
GA	9	0	-0.656047	0.456982	-0	0	0.00424328	0	0
TG	10	0	-0.656047	0.456982	-0	0	0.00424328	0	0
TG	11	0	-0.656047	0.456982	-0	0	0.00424328	0	0
TG	12	0	-0.656047	0.456982	-0	0	0.00424328	0	0
TG	2	0	-0.656047	0.456982	-0	0	0.00424328	0	0
TG	3	0	-0.656047	0.456982	-0	0	0.00424328	0	0
TG	4	0	-0.656047	0.456982	-0	0	0.00424328	0	0
TG	5	0	-0.656047	0.456982	-0	0	0.00424328	0	0
TG	6	0	-0.656047	0.456982	-0	0	0.00424328	0	0
TG	7	0	-0.656047	0.456982	-0	0	0.00424328	0	0
TG	8	0	-0.656047	0.456982	-0	0	0.00424328	0	0
TG	9	0	-0.656047	0.456982	-0	0	0.00424328	0	0
AA	10	0	-0.708864	0.404259	-0	0	0.0049505	0	0
AA	11	0	-0.708864	0.404259	-0	0	0.0049505	0	0
AA	13	0	-0.708864	0.404259	-0	0	0.0049505	0	0
AA	2	0	-0.708864	0.404259	-0	0	0.0049505	0	0
AA	3	0	-0.708864	0.404259	-0	0	0.0049505	0	0
AA	5	0	-0.708864	0.404259	-0	0	0.0049505	0	0
AA	6	0	-0.708864	0.404259	-0	0	0.0049505	0	0
AA	7	0	-0.708864	0.404259	-0	0	0.0049505	0	0
AA	8	0	-0.708864	0.404259	-0	0	0.0049505	0	0
C	3	0	-0.261322	0.364975	-0	0.019802	0.0237624	0.833333	0.831947
C	9	0	-0.261322	0.364975	-0	0.019802	0.0237624	0.833333	0.831947
G	12	0	-0.109992	0.358743	-0	0.0594059	0.0620462	0.957447	0.95704
G	4	0	-0.109992	0.358743	-0	0.0594059	0.0620462	0.957447	0.95704
T	15	0	-0.374147	0.325407	-0	0.039604	0.0475248	0.833333	0.831947
T	7	0	-0.374147	0.325407	-0	0.039604	0.0475248	0.833333	0.831947
A	1	0	-0.241576	0.307751	-0	0.0594059	0.0653465	0.909091	0.908265
A	14	0	-0.241576	0.307751	-0	0.0594059	0.0653465	0.909091	0.908265
A	2	0	-0.241576	0.307751	-0	0.0594059	0.0653465	0.909091	0.908265
A	3	0	-0.241576	0.307751	-0	0.0594059	0.0653465	0.909091	0.908265
A	9	0	-0.241576	0.307751	-0	0.0594059	0.0653465	0.909091	0.908265
