#kmer	position	shift	statistics	p-value	corrected.p	frac.obs	frac.exp	obs/exp	local.r
N	8	0	-5.0042	9.71559	7.17777	0	0.19868	0	0
D	8	0	-4.62731	8.43376	5.89595	0	0.174917	0	0
V	8	0	-4.2409	7.18834	4.65052	0	0.151155	0	0
H	8	0	-3.99799	6.44429	3.90647	0	0.136634	0	0
R	8	0	-3.83993	5.9773	3.43948	0	0.127393	0	0
W	8	0	-3.58475	5.25335	2.71553	0	0.112871	0	0
K	8	0	-3.5254	5.09047	2.55265	0	0.109571	0	0
M	8	0	-3.14332	4.09389	1.55607	0	0.0891089	0	0
S	8	0	-3.07898	3.93525	1.39743	0	0.0858086	0	0
Y	8	0	-2.78436	3.24397	0.706153	0	0.0712871	0	0
A	8	0	-2.65734	2.96429	0.426468	0	0.0653465	0	0
G	8	0	-2.5848	2.80967	0.271855	0	0.0620462	0	0
T	8	0	-2.24488	2.13578	-0	0	0.0475248	0	0
U	8	0	-2.24488	2.13578	-0	0	0.0475248	0	0
H	13	0	2.08591	1.77061	-0	0.207921	0.136634	1.52174	1.52972
W	13	0	2.07538	1.75661	-0	0.178218	0.112871	1.57895	1.58814
N	10	0	1.9784	1.67729	-0	0.277228	0.19868	1.39535	1.40089
Y	6	0	-2.01093	1.65843	-0	0.019802	0.0712871	0.277778	0.275786
D	10	0	1.92077	1.62018	-0	0.247525	0.174917	1.41509	1.42099
K	14	0	1.89013	1.58833	-0	0.168317	0.109571	1.53614	1.54442
H	6	0	-1.97003	1.57565	-0	0.0693069	0.136634	0.507246	0.504759
V	10	0	1.87044	1.57226	-0	0.217822	0.151155	1.44105	1.44743
Y	2	0	1.85624	1.5612	-0	0.118812	0.0712871	1.66667	1.67785
R	10	0	1.83043	1.53587	-0	0.188119	0.127393	1.47668	1.48376
A	13	0	1.77156	1.4924	-0	0.108911	0.0653465	1.66667	1.67785
C	1	0	1.6986	1.47107	-0	0.049505	0.0237624	2.08333	2.10615
M	13	0	1.74629	1.46637	-0	0.138614	0.0891089	1.55556	1.56425
G	13	0	-1.75987	1.33576	-0	0.019802	0.0620462	0.319149	0.316991
G	15	0	-1.75987	1.33576	-0	0.019802	0.0620462	0.319149	0.316991
V	7	0	1.59265	1.33184	-0	0.207921	0.151155	1.37555	1.38073
K	10	0	1.57157	1.3198	-0	0.158416	0.109571	1.44578	1.45226
G	10	0	1.53988	1.31099	-0	0.0990099	0.0620462	1.59574	1.60531
G	14	0	1.53988	1.31099	-0	0.0990099	0.0620462	1.59574	1.60531
S	1	0	1.53949	1.30033	-0	0.128713	0.0858086	1.5	1.50754
S	10	0	1.53949	1.30033	-0	0.128713	0.0858086	1.5	1.50754
S	14	0	1.53949	1.30033	-0	0.128713	0.0858086	1.5	1.50754
S	7	0	1.53949	1.30033	-0	0.128713	0.0858086	1.5	1.50754
T	2	0	1.49659	1.2893	-0	0.0792079	0.0475248	1.66667	1.67785
U	2	0	1.49659	1.2893	-0	0.0792079	0.0475248	1.66667	1.67785
Y	1	0	1.46952	1.25256	-0	0.108911	0.0712871	1.52778	1.53588
N	14	0	1.47965	1.23623	-0	0.257426	0.19868	1.29568	1.29952
M	15	0	1.39703	1.19012	-0	0.128713	0.0891089	1.44444	1.45089
K	15	0	-1.61404	1.18892	-0	0.0594059	0.109571	0.542169	0.539698
A	15	0	1.36893	1.18144	-0	0.0990099	0.0653465	1.51515	1.523
D	14	0	1.39692	1.17227	-0	0.227723	0.174917	1.30189	1.30583
N	6	0	-1.5129	1.10613	-0	0.138614	0.19868	0.697674	0.695572
K	2	0	1.253	1.07689	-0	0.148515	0.109571	1.35542	1.36026
K	9	0	1.253	1.07689	-0	0.148515	0.109571	1.35542	1.36026
R	7	0	1.23355	1.05773	-0	0.168317	0.127393	1.32124	1.3255
C	6	0	-1.56793	1.05489	-0	0	0.0237624	0	0
C	8	0	-1.56793	1.05489	-0	0	0.0237624	0	0
H	10	0	1.21678	1.0434	-0	0.178218	0.136634	1.30435	1.30833
H	2	0	1.21678	1.0434	-0	0.178218	0.136634	1.30435	1.30833
N	1	0	1.23027	1.04325	-0	0.247525	0.19868	1.24585	1.24892
N	2	0	1.23027	1.04325	-0	0.247525	0.19868	1.24585	1.24892
N	7	0	1.23027	1.04325	-0	0.247525	0.19868	1.24585	1.24892
C	12	0	1.04529	1.02945	-0	0.039604	0.0237624	1.66667	1.67785
C	2	0	1.04529	1.02945	-0	0.039604	0.0237624	1.66667	1.67785
C	7	0	1.04529	1.02945	-0	0.039604	0.0237624	1.66667	1.67785
G	7	0	1.12741	1.01481	-0	0.0891089	0.0620462	1.43617	1.44246
W	10	0	1.13203	0.99028	-0	0.148515	0.112871	1.31579	1.31996
M	11	0	-1.39703	0.980343	-0	0.049505	0.0891089	0.555556	0.553097
M	6	0	-1.39703	0.980343	-0	0.049505	0.0891089	0.555556	0.553097
W	6	0	-1.38359	0.978982	-0	0.0693069	0.112871	0.614035	0.611674
Y	13	0	1.08281	0.977577	-0	0.0990099	0.0712871	1.38889	1.39431
Y	14	0	1.08281	0.977577	-0	0.0990099	0.0712871	1.38889	1.39431
T	13	0	1.0289	0.965917	-0	0.0693069	0.0475248	1.45833	1.46505
T	14	0	1.0289	0.965917	-0	0.0693069	0.0475248	1.45833	1.46505
T	9	0	1.0289	0.965917	-0	0.0693069	0.0475248	1.45833	1.46505
U	13	0	1.0289	0.965917	-0	0.0693069	0.0475248	1.45833	1.46505
U	14	0	1.0289	0.965917	-0	0.0693069	0.0475248	1.45833	1.46505
U	9	0	1.0289	0.965917	-0	0.0693069	0.0475248	1.45833	1.46505
M	10	0	1.04777	0.943277	-0	0.118812	0.0891089	1.33333	1.33779
M	12	0	1.04777	0.943277	-0	0.118812	0.0891089	1.33333	1.33779
M	7	0	1.04777	0.943277	-0	0.118812	0.0891089	1.33333	1.33779
V	1	0	1.03708	0.914811	-0	0.188119	0.151155	1.24454	1.24759
V	14	0	1.03708	0.914811	-0	0.188119	0.151155	1.24454	1.24759
A	10	0	0.966304	0.906356	-0	0.0891089	0.0653465	1.36364	1.36861
S	13	0	-1.30265	0.899104	-0	0.049505	0.0858086	0.576923	0.574493
S	15	0	-1.30265	0.899104	-0	0.049505	0.0858086	0.576923	0.574493
S	5	0	-1.30265	0.899104	-0	0.049505	0.0858086	0.576923	0.574493
T	6	0	-1.30952	0.865982	-0	0.019802	0.0475248	0.416667	0.41425
U	6	0	-1.30952	0.865982	-0	0.019802	0.0475248	0.416667	0.41425
K	1	0	0.934444	0.860004	-0	0.138614	0.109571	1.26506	1.26842
R	14	0	0.935113	0.854098	-0	0.158416	0.127393	1.24352	1.24656
H	1	0	0.927071	0.846174	-0	0.168317	0.136634	1.23188	1.23475
H	15	0	0.927071	0.846174	-0	0.168317	0.136634	1.23188	1.23475
Y	4	0	-1.23749	0.836385	-0	0.039604	0.0712871	0.555556	0.553097
S	2	0	0.828957	0.80584	-0	0.108911	0.0858086	1.26923	1.27266
D	2	0	0.873077	0.802884	-0	0.207921	0.174917	1.18868	1.19093
D	7	0	0.873077	0.802884	-0	0.207921	0.174917	1.18868	1.19093
D	9	0	0.873077	0.802884	-0	0.207921	0.174917	1.18868	1.19093
W	15	0	0.817575	0.785689	-0	0.138614	0.112871	1.22807	1.23088
W	2	0	0.817575	0.785689	-0	0.138614	0.112871	1.22807	1.23088
H	11	0	-1.1009	0.769637	-0	0.0990099	0.136634	0.724638	0.722648
G	1	0	0.714946	0.756573	-0	0.0792079	0.0620462	1.2766	1.28014
G	11	0	0.714946	0.756573	-0	0.0792079	0.0620462	1.2766	1.28014
G	9	0	0.714946	0.756573	-0	0.0792079	0.0620462	1.2766	1.28014
V	12	0	0.759288	0.738385	-0	0.178218	0.151155	1.17904	1.18115
Y	10	0	0.69609	0.737345	-0	0.0891089	0.0712871	1.25	1.25313
Y	9	0	0.69609	0.737345	-0	0.0891089	0.0712871	1.25	1.25313
M	1	0	0.698515	0.726491	-0	0.108911	0.0891089	1.22222	1.22494
N	13	0	0.731511	0.712186	-0	0.227723	0.19868	1.14618	1.14786
N	9	0	0.731511	0.712186	-0	0.227723	0.19868	1.14618	1.14786
A	11	0	-1.04683	0.691849	-0	0.039604	0.0653465	0.606061	0.603682
T	1	0	0.561221	0.688166	-0	0.0594059	0.0475248	1.25	1.25313
T	10	0	0.561221	0.688166	-0	0.0594059	0.0475248	1.25	1.25313
U	1	0	0.561221	0.688166	-0	0.0594059	0.0475248	1.25	1.25313
U	10	0	0.561221	0.688166	-0	0.0594059	0.0475248	1.25	1.25313
D	6	0	-0.960385	0.686276	-0	0.138614	0.174917	0.792453	0.790812
H	14	0	0.637361	0.67176	-0	0.158416	0.136634	1.15942	1.16127
H	7	0	0.637361	0.67176	-0	0.158416	0.136634	1.15942	1.16127
K	11	0	0.615884	0.669454	-0	0.128713	0.109571	1.1747	1.17675
K	7	0	0.615884	0.669454	-0	0.128713	0.109571	1.1747	1.17675
A	12	0	0.563678	0.668441	-0	0.0792079	0.0653465	1.21212	1.2147
A	7	0	0.563678	0.668441	-0	0.0792079	0.0653465	1.21212	1.2147
C	10	0	0.391984	0.658075	-0	0.029703	0.0237624	1.25	1.25313
C	13	0	0.391984	0.658075	-0	0.029703	0.0237624	1.25	1.25313
C	14	0	0.391984	0.658075	-0	0.029703	0.0237624	1.25	1.25313
C	15	0	0.391984	0.658075	-0	0.029703	0.0237624	1.25	1.25313
V	5	0	-0.907441	0.647656	-0	0.118812	0.151155	0.786026	0.784348
V	6	0	-0.907441	0.647656	-0	0.118812	0.151155	0.786026	0.784348
D	1	0	0.611154	0.64756	-0	0.19802	0.174917	1.13208	1.13357
D	13	0	0.611154	0.64756	-0	0.19802	0.174917	1.13208	1.13357
G	5	0	-0.934929	0.615989	-0	0.039604	0.0620462	0.638298	0.635997
W	14	0	0.503123	0.606975	-0	0.128713	0.112871	1.14035	1.14195
W	9	0	0.503123	0.606975	-0	0.128713	0.112871	1.14035	1.14195
S	12	0	0.47369	0.605035	-0	0.0990099	0.0858086	1.15385	1.15562
S	9	0	0.47369	0.605035	-0	0.0990099	0.0858086	1.15385	1.15562
H	4	0	-0.811187	0.586571	-0	0.108911	0.136634	0.797101	0.795487
V	2	0	0.481499	0.583302	-0	0.168317	0.151155	1.11354	1.1148
N	4	0	-0.764761	0.575018	-0	0.168317	0.19868	0.847176	0.845883
N	5	0	-0.764761	0.575018	-0	0.168317	0.19868	0.847176	0.845883
W	11	0	-0.754685	0.546348	-0	0.0891089	0.112871	0.789474	0.787815
T	12	0	-0.841831	0.541233	-0	0.029703	0.0475248	0.625	0.622665
T	4	0	-0.841831	0.541233	-0	0.029703	0.0475248	0.625	0.622665
U	12	0	-0.841831	0.541233	-0	0.029703	0.0475248	0.625	0.622665
U	4	0	-0.841831	0.541233	-0	0.029703	0.0475248	0.625	0.622665
M	2	0	0.349257	0.540214	-0	0.0990099	0.0891089	1.11111	1.11235
G	2	0	0.302477	0.537583	-0	0.0693069	0.0620462	1.11702	1.11833
G	3	0	0.302477	0.537583	-0	0.0693069	0.0620462	1.11702	1.11833
G	6	0	0.302477	0.537583	-0	0.0693069	0.0620462	1.11702	1.11833
Y	7	0	0.309373	0.53278	-0	0.0792079	0.0712871	1.11111	1.11235
H	12	0	0.347652	0.520086	-0	0.148515	0.136634	1.08696	1.0879
H	9	0	0.347652	0.520086	-0	0.148515	0.136634	1.08696	1.0879
R	1	0	0.338232	0.518398	-0	0.138614	0.127393	1.08808	1.08904
R	12	0	0.338232	0.518398	-0	0.138614	0.127393	1.08808	1.08904
R	9	0	0.338232	0.518398	-0	0.138614	0.127393	1.08808	1.08904
C	11	0	-0.914628	0.516013	-0	0.00990099	0.0237624	0.416667	0.41425
C	4	0	-0.914628	0.516013	-0	0.00990099	0.0237624	0.416667	0.41425
C	5	0	-0.914628	0.516013	-0	0.00990099	0.0237624	0.416667	0.41425
K	3	0	0.297323	0.505347	-0	0.118812	0.109571	1.08434	1.08525
K	12	0	-0.658358	0.494365	-0	0.0891089	0.109571	0.813253	0.811737
K	13	0	-0.658358	0.494365	-0	0.0891089	0.109571	0.813253	0.811737
K	4	0	-0.658358	0.494365	-0	0.0891089	0.109571	0.813253	0.811737
K	5	0	-0.658358	0.494365	-0	0.0891089	0.109571	0.813253	0.811737
K	6	0	-0.658358	0.494365	-0	0.0891089	0.109571	0.813253	0.811737
V	11	0	-0.629653	0.493722	-0	0.128713	0.151155	0.851528	0.850266
A	4	0	0.161051	0.468733	-0	0.0693069	0.0653465	1.06061	1.06125
A	5	0	0.161051	0.468733	-0	0.0693069	0.0653465	1.06061	1.06125
A	6	0	-0.644203	0.459708	-0	0.049505	0.0653465	0.757576	0.755744
T	11	0	0.0935368	0.458301	-0	0.049505	0.0475248	1.04167	1.0421
T	3	0	0.0935368	0.458301	-0	0.049505	0.0475248	1.04167	1.0421
T	5	0	0.0935368	0.458301	-0	0.049505	0.0475248	1.04167	1.0421
U	11	0	0.0935368	0.458301	-0	0.049505	0.0475248	1.04167	1.0421
U	3	0	0.0935368	0.458301	-0	0.049505	0.0475248	1.04167	1.0421
U	5	0	0.0935368	0.458301	-0	0.049505	0.0475248	1.04167	1.0421
W	1	0	0.188671	0.454131	-0	0.118812	0.112871	1.05263	1.05319
W	5	0	0.188671	0.454131	-0	0.118812	0.112871	1.05263	1.05319
W	7	0	0.188671	0.454131	-0	0.118812	0.112871	1.05263	1.05319
N	12	0	0.232753	0.453056	-0	0.207921	0.19868	1.04651	1.047
R	5	0	-0.557089	0.451615	-0	0.108911	0.127393	0.854922	0.853684
S	4	0	-0.592112	0.449886	-0	0.0693069	0.0858086	0.807692	0.806142
S	6	0	-0.592112	0.449886	-0	0.0693069	0.0858086	0.807692	0.806142
V	13	0	0.203711	0.449328	-0	0.158416	0.151155	1.04803	1.04854
V	9	0	0.203711	0.449328	-0	0.158416	0.151155	1.04803	1.04854
N	11	0	-0.515383	0.448397	-0	0.178218	0.19868	0.89701	0.896087
S	11	0	0.118422	0.435723	-0	0.0891089	0.0858086	1.03846	1.03886
S	3	0	0.118422	0.435723	-0	0.0891089	0.0858086	1.03846	1.03886
D	15	0	-0.436539	0.408873	-0	0.158416	0.174917	0.90566	0.904807
D	4	0	-0.436539	0.408873	-0	0.158416	0.174917	0.90566	0.904807
D	5	0	-0.436539	0.408873	-0	0.158416	0.174917	0.90566	0.904807
D	3	0	0.0873077	0.394527	-0	0.178218	0.174917	1.01887	1.01906
W	4	0	-0.440233	0.394266	-0	0.0990099	0.112871	0.877193	0.876117
R	13	0	0.039792	0.386058	-0	0.128713	0.127393	1.01036	1.01047
R	2	0	0.039792	0.386058	-0	0.128713	0.127393	1.01036	1.01047
R	3	0	0.039792	0.386058	-0	0.128713	0.127393	1.01036	1.01047
R	4	0	0.039792	0.386058	-0	0.128713	0.127393	1.01036	1.01047
M	14	0	0	0.38458	-0	0.0891089	0.0891089	1	1
Y	11	0	-0.46406	0.383093	-0	0.0594059	0.0712871	0.833333	0.831947
Y	5	0	-0.46406	0.383093	-0	0.0594059	0.0712871	0.833333	0.831947
V	4	0	-0.351865	0.368552	-0	0.138614	0.151155	0.917031	0.91627
C	3	0	-0.261322	0.364975	-0	0.019802	0.0237624	0.833333	0.831947
C	9	0	-0.261322	0.364975	-0	0.019802	0.0237624	0.833333	0.831947
Y	12	0	-0.0773434	0.364404	-0	0.0693069	0.0712871	0.972222	0.971952
Y	15	0	-0.0773434	0.364404	-0	0.0693069	0.0712871	0.972222	0.971952
Y	3	0	-0.0773434	0.364404	-0	0.0693069	0.0712871	0.972222	0.971952
G	12	0	-0.109992	0.358743	-0	0.0594059	0.0620462	0.957447	0.95704
G	4	0	-0.109992	0.358743	-0	0.0594059	0.0620462	0.957447	0.95704
N	3	0	-0.0166252	0.349536	-0	0.19802	0.19868	0.996678	0.996645
M	3	0	-0.349257	0.347304	-0	0.0792079	0.0891089	0.888889	0.887902
M	4	0	-0.349257	0.347304	-0	0.0792079	0.0891089	0.888889	0.887902
M	5	0	-0.349257	0.347304	-0	0.0792079	0.0891089	0.888889	0.887902
M	9	0	-0.349257	0.347304	-0	0.0792079	0.0891089	0.888889	0.887902
N	15	0	-0.266004	0.343255	-0	0.188119	0.19868	0.946844	0.946341
V	15	0	-0.0740768	0.33601	-0	0.148515	0.151155	0.982533	0.982361
V	3	0	-0.0740768	0.33601	-0	0.148515	0.151155	0.982533	0.982361
W	12	0	-0.125781	0.326833	-0	0.108911	0.112871	0.964912	0.964574
W	3	0	-0.125781	0.326833	-0	0.108911	0.112871	0.964912	0.964574
R	11	0	-0.258648	0.326766	-0	0.118812	0.127393	0.932643	0.932015
R	15	0	-0.258648	0.326766	-0	0.118812	0.127393	0.932643	0.932015
R	6	0	-0.258648	0.326766	-0	0.118812	0.127393	0.932643	0.932015
T	15	0	-0.374147	0.325407	-0	0.039604	0.0475248	0.833333	0.831947
T	7	0	-0.374147	0.325407	-0	0.039604	0.0475248	0.833333	0.831947
U	15	0	-0.374147	0.325407	-0	0.039604	0.0475248	0.833333	0.831947
U	7	0	-0.374147	0.325407	-0	0.039604	0.0475248	0.833333	0.831947
H	3	0	-0.231768	0.319267	-0	0.128713	0.136634	0.942029	0.941483
H	5	0	-0.231768	0.319267	-0	0.128713	0.136634	0.942029	0.941483
A	1	0	-0.241576	0.307751	-0	0.0594059	0.0653465	0.909091	0.908265
A	14	0	-0.241576	0.307751	-0	0.0594059	0.0653465	0.909091	0.908265
A	2	0	-0.241576	0.307751	-0	0.0594059	0.0653465	0.909091	0.908265
A	3	0	-0.241576	0.307751	-0	0.0594059	0.0653465	0.909091	0.908265
A	9	0	-0.241576	0.307751	-0	0.0594059	0.0653465	0.909091	0.908265
D	11	0	-0.174615	0.306269	-0	0.168317	0.174917	0.962264	0.961901
D	12	0	-0.174615	0.306269	-0	0.168317	0.174917	0.962264	0.961901
