#kmer	position	shift	statistics	p-value	corrected.p	frac.obs	frac.exp	obs/exp	local.r
AAAA	1	0	31622.8	16	11.7102	0.00537634	5.37634e-12	1e+09	1.86667
AA	2	0	19.0513	16	11.7102	0.107527	0.00537634	20	2
AAAA	3	0	31622.8	16	11.7102	0.00537634	5.37634e-12	1e+09	1.86667
AAAA	4	0	63245.6	16	11.7102	0.0107527	5.37634e-12	2e+09	3.86207
AAAA	5	0	31622.8	16	11.7102	0.00537634	5.37634e-12	1e+09	1.86667
AAA	6	0	94868.3	16	11.7102	0.016129	5.37634e-12	3e+09	1.10323
AAAA	7	0	63245.6	16	11.7102	0.0107527	5.37634e-12	2e+09	3.86207
AAAC	8	0	63245.6	16	11.7102	0.0107527	5.37634e-12	2e+09	3.02703
AACA	9	0	126491	16	11.7102	0.0215054	5.37634e-12	4e+09	4.66667
AAAA	10	0	31622.8	16	11.7102	0.00537634	5.37634e-12	1e+09	1.86667
AAA	11	0	63245.6	16	11.7102	0.0107527	5.37634e-12	2e+09	0.730769
AAAT	12	0	31622.8	16	11.7102	0.00537634	5.37634e-12	1e+09	1.36585
AAA	13	0	126491	16	11.7102	0.0215054	5.37634e-12	4e+09	1.48052
AAT	14	0	126491	16	11.7102	0.0215054	5.37634e-12	4e+09	1.70149
AAA	15	0	31622.8	16	11.7102	0.00537634	5.37634e-12	1e+09	0.363057
AAAC	16	0	31622.8	16	11.7102	0.00537634	5.37634e-12	1e+09	1.47368
AAAT	17	0	31622.8	16	11.7102	0.00537634	5.37634e-12	1e+09	1.36585
AACT	18	0	63245.6	16	11.7102	0.0107527	5.37634e-12	2e+09	3.29412
AAAA	19	0	63245.6	16	11.7102	0.0107527	5.37634e-12	2e+09	3.86207
AAAA	20	0	94868.3	16	11.7102	0.016129	5.37634e-12	3e+09	6
AAAA	21	0	94868.3	16	11.7102	0.016129	5.37634e-12	3e+09	6
AAAT	22	0	63245.6	16	11.7102	0.0107527	5.37634e-12	2e+09	2.8
AAAA	23	0	63245.6	16	11.7102	0.0107527	5.37634e-12	2e+09	3.86207
AAAA	24	0	31622.8	16	11.7102	0.00537634	5.37634e-12	1e+09	1.86667
AAAG	25	0	31622.8	16	11.7102	0.00537634	5.37634e-12	1e+09	1.36585
AAA	26	0	63245.6	16	11.7102	0.0107527	5.37634e-12	2e+09	0.730769
AAA	27	0	63245.6	16	11.7102	0.0107527	5.37634e-12	2e+09	0.730769
AACC	28	0	31622.8	16	11.7102	0.00537634	5.37634e-12	1e+09	1.4
AAA	29	0	31622.8	16	11.7102	0.00537634	5.37634e-12	1e+09	0.363057
AAAA	30	0	31622.8	16	11.7102	0.00537634	5.37634e-12	1e+09	1.86667
AAA	31	0	31622.8	16	11.7102	0.00537634	5.37634e-12	1e+09	0.363057
AAA	32	0	158114	16	11.7102	0.0268817	5.37634e-12	5e+09	1.86275
AAAT	33	0	31622.8	16	11.7102	0.00537634	5.37634e-12	1e+09	1.36585
AAA	34	0	63245.6	16	11.7102	0.0107527	5.37634e-12	2e+09	0.730769
AAA	35	0	31622.8	16	11.7102	0.00537634	5.37634e-12	1e+09	0.363057
AAA	36	0	31622.8	16	11.7102	0.00537634	5.37634e-12	1e+09	0.363057
AAGC	37	0	31622.8	16	11.7102	0.00537634	5.37634e-12	1e+09	1.69697
AAAG	38	0	31622.8	16	11.7102	0.00537634	5.37634e-12	1e+09	1.36585
AAAT	39	0	31622.8	16	11.7102	0.00537634	5.37634e-12	1e+09	1.36585
AAA	40	0	126491	16	11.7102	0.0215054	5.37634e-12	4e+09	1.48052
AAAC	41	0	63245.6	16	11.7102	0.0107527	5.37634e-12	2e+09	3.02703
AAAT	42	0	31622.8	16	11.7102	0.00537634	5.37634e-12	1e+09	1.36585
AAAC	43	0	63245.6	16	11.7102	0.0107527	5.37634e-12	2e+09	3.02703
AAAA	44	0	31622.8	16	11.7102	0.00537634	5.37634e-12	1e+09	1.86667
AAA	45	0	126491	16	11.7102	0.0215054	5.37634e-12	4e+09	1.48052
AACC	46	0	31622.8	16	11.7102	0.00537634	5.37634e-12	1e+09	1.4
AAT	47	0	31622.8	16	11.7102	0.00537634	5.37634e-12	1e+09	0.416058
AACA	48	0	31622.8	16	11.7102	0.00537634	5.37634e-12	1e+09	1.09804
AACA	49	0	94868.3	16	11.7102	0.016129	5.37634e-12	3e+09	3.42857
AAAT	50	0	31622.8	16	11.7102	0.00537634	5.37634e-12	1e+09	1.36585
AAAA	51	0	31622.8	16	11.7102	0.00537634	5.37634e-12	1e+09	1.86667
AAAC	52	0	31622.8	16	11.7102	0.00537634	5.37634e-12	1e+09	1.47368
AAA	53	0	31622.8	16	11.7102	0.00537634	5.37634e-12	1e+09	0.363057
AAA	54	0	94868.3	16	11.7102	0.016129	5.37634e-12	3e+09	1.10323
AAAA	55	0	31622.8	16	11.7102	0.00537634	5.37634e-12	1e+09	1.86667
AAAA	56	0	31622.8	16	11.7102	0.00537634	5.37634e-12	1e+09	1.86667
AAAC	57	0	31622.8	16	11.7102	0.00537634	5.37634e-12	1e+09	1.47368
AAA	58	0	126491	16	11.7102	0.0215054	5.37634e-12	4e+09	1.48052
AA	59	0	347851	16	11.7102	0.0591398	5.37634e-12	1.1e+10	1.08319
A	60	0	1.1068e+06	16	11.7102	0.188172	5.37634e-12	3.5e+10	0.815561
A	1	0	-inf	16	11.7102	0.231183	1	0.231183	1.00515
G	2	0	-7.38419	14.1622	9.87243	0.172043	0.44086	0.390244	0.672844
C	3	0	-4.9945	6.86955	2.57978	0.198925	0.376344	0.528571	0.733042
GC	4	0	-4.78459	7.70068	3.41091	0.0322581	0.16129	0.2	0.457895
CC	5	0	-3.38961	4.06679	-0	0.0268817	0.102151	0.263158	0.351515
GGC	6	0	-3.58156	5.38725	1.09748	0	0.0645161	0	0
GC	7	0	-4.58523	6.99135	2.70158	0.0376344	0.16129	0.233333	0.534914
GC	8	0	-3.65445	4.50719	0.217418	0.0430108	0.134409	0.32	0.612137
AG	9	0	-3.40576	4.00132	-0	0.0376344	0.11828	0.318182	0.553134
G	10	0	-3.69545	4.12273	-0	0.172043	0.295699	0.581818	0.672844
GC	11	0	-2.96031	3.01512	-0	0.0645161	0.139785	0.461538	0.923077
GC	12	0	-2.96031	3.01512	-0	0.0645161	0.139785	0.461538	0.923077
AAG	13	0	-2.69699	3.09874	-0	0	0.0376344	0	0
G	14	0	-3.08686	3.00257	-0	0.236559	0.344086	0.6875	0.929134
GCT	15	0	-3.25087	4.46405	0.174284	0	0.0537634	0	0
GC	16	0	-4.32845	6.1166	1.82683	0.0483871	0.166667	0.290323	0.689564
GCC	17	0	-3.07533	4.00638	-0	0	0.0483871	0	0
AG	18	0	-3.78658	4.93077	0.641004	0.0322581	0.123656	0.26087	0.473469
GCC	19	0	-3.45098	4.67741	0.387644	0.00537634	0.0698925	0.0769231	0.242553
GC	20	0	-3.3411	3.82678	-0	0.0430108	0.123656	0.347826	0.612137
C	21	0	-3.69545	4.12273	-0	0.172043	0.295699	0.581818	0.63292
G	22	0	-4.33802	5.39202	1.10225	0.188172	0.33871	0.555556	0.736711
GC	23	0	-4.26862	5.75523	1.46546	0.0698925	0.193548	0.361111	1.00133
AG	24	0	-3.69081	4.50771	0.21794	0.0537634	0.150538	0.357143	0.793434
AG	25	0	-4.29936	6.37853	2.08876	0.0268817	0.134409	0.2	0.394022
G	26	0	-4.42939	5.54587	1.25611	0.204301	0.360215	0.567164	0.800714
GC	27	0	-4.64874	7.28607	2.9963	0.0322581	0.155914	0.206897	0.457895
GCA	28	0	-2.92579	3.40079	-0	0.00537634	0.0537634	0.1	0.263889
GG	29	0	-3.3304	3.72001	-0	0.0591398	0.145161	0.407407	0.795511
G	30	0	-4.47594	5.69558	1.40581	0.188172	0.344086	0.546875	0.736711
GCA	31	0	-3.41927	4.92433	0.634563	0	0.0591398	0	0
CA	32	0	-3.38322	3.85161	-0	0.0537634	0.139785	0.384615	0.667434
AG	33	0	-4.15573	5.97634	1.68658	0.0268817	0.129032	0.208333	0.394022
GC	34	0	-4.5252	6.72958	2.43981	0.0430108	0.166667	0.258065	0.612137
GCC	35	0	-3.2831	4.2465	-0	0.00537634	0.0645161	0.0833333	0.242553
C	36	0	-3.06495	2.9611	-0	0.247312	0.354839	0.69697	0.914112
GC	37	0	-3.26289	3.49991	-0	0.0860215	0.177419	0.484848	1.23733
CAG	38	0	-2.79759	3.01763	-0	0.0107527	0.0591398	0.181818	0.394464
TGGC	39	0	-2.26674	2.20119	-0	0	0.0268817	0	0
GAG	40	0	-2.39192	2.26649	-0	0.0107527	0.0483871	0.222222	0.567164
AG	41	0	-3.78658	4.93077	0.641004	0.0322581	0.123656	0.26087	0.473469
G	42	0	-3.73684	4.05086	-0	0.268817	0.403226	0.666667	1.05811
AG	43	0	-3.93871	5.49709	1.20732	0.0215054	0.112903	0.190476	0.31479
G	44	0	-3.53478	3.81597	-0	0.177419	0.295699	0.6	0.694118
G	45	0	-3.67794	4.00312	-0	0.225806	0.354839	0.636364	0.886266
GGG	46	0	-3.25087	4.46405	0.174284	0	0.0537634	0	0
GG	47	0	-4.1704	6.28314	1.99338	0.016129	0.112903	0.142857	0.214815
G	48	0	-6.15658	10.1906	5.90082	0.172043	0.392473	0.438356	0.672844
TG	49	0	-2.8765	3.01508	-0	0.0268817	0.0860215	0.3125	0.337209
G	50	0	-4.3615	5.58245	1.29268	0.145161	0.290323	0.5	0.566702
GGC	51	0	-2.73362	2.98695	-0	0.00537634	0.0483871	0.111111	0.253333
GC	52	0	-3.53855	4.17552	-0	0.0537634	0.145161	0.37037	0.767196
GC	53	0	-2.99037	3.02915	-0	0.0806452	0.16129	0.5	1.15846
AGC	54	0	-2.73362	2.98695	-0	0.00537634	0.0483871	0.111111	0.279412
GC	55	0	-3.53855	4.17552	-0	0.0537634	0.145161	0.37037	0.767196
TA	56	0	-3.1634	3.80312	-0	0.0107527	0.0698925	0.153846	0.2723
GCTG	57	0	-3.45098	4.67741	0.387644	0.00537634	0.0698925	0.0769231	0.777778
CAG	58	0	-5.24548	9.3579	5.06813	0.0268817	0.172043	0.15625	0.996503
AG	59	0	-8.27537	16	11.7102	0.0645161	0.354839	0.181818	0.954733
G	60	0	-inf	16	11.7102	0.27957	1	0.27957	1.10122
