#kmer	position	shift	statistics	p-value	corrected.p	frac.obs	frac.exp	obs/exp	local.r
H	1	0	1.56087	1.27567	-0	0.134185	0.106922	1.25498	1.25601
G	2	0	1.11884	0.947771	-0	0.0958466	0.0788072	1.21622	1.21706
N	3	0	2.4515	2.14978	-0	0.239617	0.185729	1.29014	1.29134
G	4	0	0.699275	0.682911	-0	0.0894569	0.0788072	1.13514	1.13563
W	5	0	1.29683	1.06965	-0	0.121406	0.0994675	1.22056	1.22142
G	6	0	1.95797	1.6252	-0	0.108626	0.0788072	1.37838	1.38005
Y	7	0	3.08625	2.80109	0.263266	0.0958466	0.055804	1.71756	1.72152
G	9	0	2.58732	2.25991	-0	0.118211	0.0788072	1.5	1.50241
W	10	0	1.67455	1.37197	-0	0.127796	0.0994675	1.2848	1.28597
C	11	0	0.438072	0.684136	-0	0.00958466	0.00745474	1.28571	1.28689
C	12	0	1.09518	1.06074	-0	0.0127796	0.00745474	1.71429	1.71822
D	13	0	2.68776	2.42286	-0	0.236422	0.178275	1.32616	1.32755
W	14	0	1.29683	1.06965	-0	0.121406	0.0994675	1.22056	1.22142
S	15	0	0.805318	0.742396	-0	0.0990415	0.086262	1.14815	1.14869
G	1	0	-0.55942	0.477107	-0	0.0702875	0.0788072	0.891892	0.891583
M	2	0	-1.04306	0.74678	-0	0.0447284	0.0585729	0.763636	0.763058
M	4	0	-1.04306	0.74678	-0	0.0447284	0.0585729	0.763636	0.763058
C	5	0	-0.876143	0.491994	-0	0.00319489	0.00745474	0.428571	0.427788
T	6	0	-1.35267	0.973534	-0	0.0319489	0.0483493	0.660793	0.660075
G	7	0	-2.0279	1.66538	-0	0.0479233	0.0788072	0.608108	0.607345
D	8	0	-8.2405	16	13.4622	0	0.178275	0	0
C	9	0	-0.219036	0.383935	-0	0.00638978	0.00745474	0.857143	0.856751
S	10	0	-1.61064	1.21989	-0	0.0607029	0.086262	0.703704	0.703036
K	11	0	-2.1717	1.82489	-0	0.086262	0.127157	0.678392	0.677693
W	12	0	-1.53605	1.15313	-0	0.0734824	0.0994675	0.738758	0.73814
C	13	0	-0.219036	0.383935	-0	0.00638978	0.00745474	0.857143	0.856751
S	14	0	-0.402659	0.407673	-0	0.0798722	0.086262	0.925926	0.925706
T	15	0	-0.562151	0.461427	-0	0.0415335	0.0483493	0.859031	0.858643
