#kmer	position	shift	statistics	p-value	corrected.p	frac.obs	frac.exp	obs/exp	local.r
D	8	0	-8.2405	16	13.4622	0	0.178275	0	0
K	8	0	-6.75264	16	13.4622	0	0.127157	0	0
N	8	0	-8.44945	16	13.4622	0	0.185729	0	0
R	8	0	-6.83661	16	13.4622	0	0.129925	0	0
V	8	0	-7.06032	16	13.4622	0	0.13738	0	0
H	8	0	-6.12155	15.3525	12.8147	0	0.106922	0	0
W	8	0	-5.87981	14.2386	11.7008	0	0.0994675	0	0
S	8	0	-5.43589	12.2628	9.72498	0	0.086262	0	0
G	8	0	-5.17464	11.1583	8.62047	0	0.0788072	0	0
M	8	0	-4.41293	8.20477	5.66695	0	0.0585729	0	0
Y	8	0	-4.30104	7.80555	5.26773	0	0.055804	0	0
A	8	0	-4.10633	7.13261	4.59479	0	0.0511182	0	0
T	8	0	-3.98776	6.73652	4.1987	0	0.0483493	0	0
U	8	0	-3.98776	6.73652	4.1987	0	0.0483493	0	0
Y	7	0	3.08625	2.80109	0.263266	0.0958466	0.055804	1.71756	1.72152
D	13	0	2.68776	2.42286	-0	0.236422	0.178275	1.32616	1.32755
N	13	0	2.59685	2.31743	-0	0.242812	0.185729	1.30734	1.30863
K	13	0	2.5789	2.27507	-0	0.175719	0.127157	1.38191	1.3836
G	9	0	2.58732	2.25991	-0	0.118211	0.0788072	1.5	1.50241
T	7	0	2.59995	2.24929	-0	0.0798722	0.0483493	1.65198	1.65544
U	7	0	2.59995	2.24929	-0	0.0798722	0.0483493	1.65198	1.65544
H	7	0	2.47545	2.15176	-0	0.15016	0.106922	1.40438	1.40621
N	3	0	2.4515	2.14978	-0	0.239617	0.185729	1.29014	1.29134
V	3	0	2.4629	2.14872	-0	0.185304	0.13738	1.34884	1.35035
R	3	0	2.40963	2.08795	-0	0.175719	0.129925	1.35246	1.35399
D	3	0	2.3924	2.0818	-0	0.230032	0.178275	1.29032	1.29152
S	9	0	2.41595	2.0797	-0	0.124601	0.086262	1.44444	1.44651
K	9	0	2.23957	1.90685	-0	0.169329	0.127157	1.33166	1.33308
K	11	0	-2.1717	1.82489	-0	0.086262	0.127157	0.678392	0.677693
R	13	0	2.0734	1.73935	-0	0.169329	0.129925	1.30328	1.30455
W	7	0	2.05227	1.7155	-0	0.134185	0.0994675	1.34904	1.35055
G	11	0	-2.0279	1.66538	-0	0.0479233	0.0788072	0.608108	0.607345
G	7	0	-2.0279	1.66538	-0	0.0479233	0.0788072	0.608108	0.607345
V	13	0	1.97032	1.63976	-0	0.175719	0.13738	1.27907	1.28021
G	13	0	1.95797	1.6252	-0	0.108626	0.0788072	1.37838	1.38005
G	6	0	1.95797	1.6252	-0	0.108626	0.0788072	1.37838	1.38005
R	9	0	1.90529	1.57778	-0	0.166134	0.129925	1.27869	1.27983
C	7	0	1.75229	1.50519	-0	0.0159744	0.00745474	2.14286	2.15074
D	11	0	-1.89029	1.50042	-0	0.13738	0.178275	0.770609	0.770043
S	13	0	1.81196	1.4928	-0	0.115016	0.086262	1.33333	1.33476
S	3	0	1.81196	1.4928	-0	0.115016	0.086262	1.33333	1.33476
S	6	0	1.81196	1.4928	-0	0.115016	0.086262	1.33333	1.33476
V	9	0	1.80613	1.48649	-0	0.172524	0.13738	1.25581	1.25684
D	9	0	1.80169	1.48306	-0	0.217252	0.178275	1.21864	1.21949
G	3	0	1.74819	1.43753	-0	0.105431	0.0788072	1.33784	1.33929
S	11	0	-1.81196	1.42173	-0	0.057508	0.086262	0.666667	0.665955
K	3	0	1.73058	1.41899	-0	0.159744	0.127157	1.25628	1.25731
N	9	0	1.72477	1.41334	-0	0.223642	0.185729	1.20413	1.20492
N	11	0	-1.76353	1.37199	-0	0.146965	0.185729	0.791284	0.790755
W	10	0	1.67455	1.37197	-0	0.127796	0.0994675	1.2848	1.28597
W	13	0	1.67455	1.37197	-0	0.127796	0.0994675	1.2848	1.28597
M	3	0	1.6047	1.32132	-0	0.0798722	0.0585729	1.36364	1.36523
R	6	0	1.56906	1.28024	-0	0.159744	0.129925	1.22951	1.23041
T	13	0	1.54591	1.27837	-0	0.0670926	0.0483493	1.38767	1.38939
U	13	0	1.54591	1.27837	-0	0.0670926	0.0483493	1.38767	1.38939
H	1	0	1.56087	1.27567	-0	0.134185	0.106922	1.25498	1.25601
H	10	0	1.56087	1.27567	-0	0.134185	0.106922	1.25498	1.25601
H	13	0	1.56087	1.27567	-0	0.134185	0.106922	1.25498	1.25601
H	3	0	1.56087	1.27567	-0	0.134185	0.106922	1.25498	1.25601
A	3	0	1.53987	1.27223	-0	0.0702875	0.0511182	1.375	1.37665
R	11	0	-1.6251	1.2384	-0	0.0990415	0.129925	0.762295	0.761715
S	10	0	-1.61064	1.21989	-0	0.0607029	0.086262	0.703704	0.703036
G	10	0	-1.60833	1.21627	-0	0.0543131	0.0788072	0.689189	0.688503
W	1	0	1.48569	1.21564	-0	0.124601	0.0994675	1.25268	1.25369
W	3	0	1.48569	1.21564	-0	0.124601	0.0994675	1.25268	1.25369
V	6	0	1.47774	1.20465	-0	0.166134	0.13738	1.2093	1.21011
W	12	0	-1.53605	1.15313	-0	0.0734824	0.0994675	0.738758	0.73814
Y	13	0	1.36254	1.13327	-0	0.0734824	0.055804	1.31679	1.31813
M	1	0	1.364	1.13298	-0	0.0766773	0.0585729	1.30909	1.31039
V	11	0	-1.47774	1.10672	-0	0.108626	0.13738	0.790698	0.790168
R	7	0	-1.45698	1.08804	-0	0.102236	0.129925	0.786885	0.786348
A	1	0	1.28323	1.07748	-0	0.0670926	0.0511182	1.3125	1.31382
A	10	0	1.28323	1.07748	-0	0.0670926	0.0511182	1.3125	1.31382
W	14	0	1.29683	1.06965	-0	0.121406	0.0994675	1.22056	1.22142
W	5	0	1.29683	1.06965	-0	0.121406	0.0994675	1.22056	1.22142
C	12	0	1.09518	1.06074	-0	0.0127796	0.00745474	1.71429	1.71822
S	7	0	-1.40931	1.03924	-0	0.0638978	0.086262	0.740741	0.740126
C	8	0	-1.53325	1.01715	-0	0	0.00745474	0	0
D	5	0	1.21097	0.995513	-0	0.204473	0.178275	1.14695	1.14749
H	14	0	1.19504	0.993592	-0	0.127796	0.106922	1.19522	1.19597
T	6	0	-1.35267	0.973534	-0	0.0319489	0.0483493	0.660793	0.660075
U	6	0	-1.35267	0.973534	-0	0.0319489	0.0483493	0.660793	0.660075
Y	6	0	-1.34613	0.973348	-0	0.0383387	0.055804	0.687023	0.686334
M	10	0	1.12329	0.960025	-0	0.0734824	0.0585729	1.25455	1.25557
G	2	0	1.11884	0.947771	-0	0.0958466	0.0788072	1.21622	1.21706
A	14	0	1.02658	0.899826	-0	0.0638978	0.0511182	1.25	1.251
A	5	0	1.02658	0.899826	-0	0.0638978	0.0511182	1.25	1.251
T	10	0	1.0189	0.896896	-0	0.0607029	0.0483493	1.25551	1.25654
U	10	0	1.0189	0.896896	-0	0.0607029	0.0483493	1.25551	1.25654
S	12	0	1.00665	0.869451	-0	0.102236	0.086262	1.18519	1.18589
H	5	0	1.01213	0.867289	-0	0.124601	0.106922	1.16534	1.16596
H	12	0	-1.18285	0.865661	-0	0.086262	0.106922	0.806773	0.806274
N	5	0	0.998042	0.846065	-0	0.207668	0.185729	1.11812	1.11854
M	14	0	0.882587	0.802579	-0	0.0702875	0.0585729	1.2	1.20077
M	7	0	0.882587	0.802579	-0	0.0702875	0.0585729	1.2	1.20077
Y	1	0	0.870059	0.796601	-0	0.0670926	0.055804	1.20229	1.20307
Y	10	0	0.870059	0.796601	-0	0.0670926	0.055804	1.20229	1.20307
R	5	0	0.896605	0.787705	-0	0.146965	0.129925	1.13115	1.13162
T	12	0	-1.08917	0.770704	-0	0.0351438	0.0483493	0.726872	0.726236
U	12	0	-1.08917	0.770704	-0	0.0351438	0.0483493	0.726872	0.726236
N	1	0	0.852696	0.752613	-0	0.204473	0.185729	1.10092	1.10127
M	2	0	-1.04306	0.74678	-0	0.0447284	0.0585729	0.763636	0.763058
M	4	0	-1.04306	0.74678	-0	0.0447284	0.0585729	0.763636	0.763058
S	15	0	0.805318	0.742396	-0	0.0990415	0.086262	1.14815	1.14869
S	2	0	0.805318	0.742396	-0	0.0990415	0.086262	1.14815	1.14869
A	13	0	0.769937	0.739462	-0	0.0607029	0.0511182	1.1875	1.18821
H	2	0	-0.999935	0.738029	-0	0.0894569	0.106922	0.836653	0.836216
H	6	0	-0.999935	0.738029	-0	0.0894569	0.106922	0.836653	0.836216
V	7	0	-0.985161	0.734847	-0	0.118211	0.13738	0.860465	0.86008
T	1	0	0.75539	0.733134	-0	0.057508	0.0483493	1.18943	1.19015
T	14	0	0.75539	0.733134	-0	0.057508	0.0483493	1.18943	1.19015
T	5	0	0.75539	0.733134	-0	0.057508	0.0483493	1.18943	1.19015
U	1	0	0.75539	0.733134	-0	0.057508	0.0483493	1.18943	1.19015
U	14	0	0.75539	0.733134	-0	0.057508	0.0483493	1.18943	1.19015
U	5	0	0.75539	0.733134	-0	0.057508	0.0483493	1.18943	1.19015
A	12	0	-1.02658	0.730016	-0	0.0383387	0.0511182	0.75	0.7494
A	4	0	-1.02658	0.730016	-0	0.0383387	0.0511182	0.75	0.7494
W	6	0	-0.969476	0.716065	-0	0.0830671	0.0994675	0.835118	0.834677
D	1	0	0.767932	0.701944	-0	0.194888	0.178275	1.09319	1.09352
D	14	0	0.767932	0.701944	-0	0.194888	0.178275	1.09319	1.09352
C	1	0	0.438072	0.684136	-0	0.00958466	0.00745474	1.28571	1.28689
C	11	0	0.438072	0.684136	-0	0.00958466	0.00745474	1.28571	1.28689
C	15	0	0.438072	0.684136	-0	0.00958466	0.00745474	1.28571	1.28689
C	3	0	0.438072	0.684136	-0	0.00958466	0.00745474	1.28571	1.28689
G	12	0	0.699275	0.682911	-0	0.0894569	0.0788072	1.13514	1.13563
G	15	0	0.699275	0.682911	-0	0.0894569	0.0788072	1.13514	1.13563
G	4	0	0.699275	0.682911	-0	0.0894569	0.0788072	1.13514	1.13563
K	2	0	0.71259	0.677097	-0	0.140575	0.127157	1.10553	1.1059
K	5	0	0.71259	0.677097	-0	0.140575	0.127157	1.10553	1.1059
K	6	0	0.71259	0.677097	-0	0.140575	0.127157	1.10553	1.1059
N	14	0	0.70735	0.665694	-0	0.201278	0.185729	1.08372	1.08401
M	13	0	0.641881	0.660721	-0	0.0670926	0.0585729	1.14545	1.14599
M	5	0	0.641881	0.660721	-0	0.0670926	0.0585729	1.14545	1.14599
Y	14	0	0.623816	0.65252	-0	0.0638978	0.055804	1.14504	1.14557
Y	3	0	0.623816	0.65252	-0	0.0638978	0.055804	1.14504	1.14557
V	15	0	0.656774	0.643503	-0	0.15016	0.13738	1.09302	1.09335
V	5	0	0.656774	0.643503	-0	0.15016	0.13738	1.09302	1.09335
S	4	0	0.603988	0.626826	-0	0.0958466	0.086262	1.11111	1.11151
H	4	0	-0.81702	0.624218	-0	0.0926518	0.106922	0.866534	0.866163
D	6	0	0.620253	0.617525	-0	0.191693	0.178275	1.07527	1.07553
T	11	0	-0.825659	0.601293	-0	0.0383387	0.0483493	0.792952	0.792426
U	11	0	-0.825659	0.601293	-0	0.0383387	0.0483493	0.792952	0.792426
W	2	0	-0.780617	0.60108	-0	0.086262	0.0994675	0.867238	0.866869
W	4	0	-0.780617	0.60108	-0	0.086262	0.0994675	0.867238	0.866869
R	15	0	0.560378	0.592198	-0	0.140575	0.129925	1.08197	1.08225
T	3	0	0.491882	0.587555	-0	0.0543131	0.0483493	1.12335	1.12379
U	3	0	0.491882	0.587555	-0	0.0543131	0.0483493	1.12335	1.12379
N	6	0	0.562004	0.585221	-0	0.198083	0.185729	1.06651	1.06674
N	7	0	0.562004	0.585221	-0	0.198083	0.185729	1.06651	1.06674
K	4	0	0.542926	0.583481	-0	0.13738	0.127157	1.0804	1.08068
D	12	0	-0.708861	0.57537	-0	0.162939	0.178275	0.913978	0.913727
A	2	0	-0.769937	0.571721	-0	0.0415335	0.0511182	0.8125	0.812012
V	1	0	0.492581	0.555479	-0	0.146965	0.13738	1.06977	1.07001
K	10	0	-0.644724	0.533406	-0	0.115016	0.127157	0.904523	0.904246
Y	5	0	0.377573	0.524641	-0	0.0607029	0.055804	1.08779	1.08809
R	1	0	0.392265	0.506853	-0	0.13738	0.129925	1.05738	1.05757
R	14	0	0.392265	0.506853	-0	0.13738	0.129925	1.05738	1.05757
R	2	0	0.392265	0.506853	-0	0.13738	0.129925	1.05738	1.05757
W	11	0	-0.591758	0.49987	-0	0.0894569	0.0994675	0.899358	0.899068
C	2	0	-0.876143	0.491994	-0	0.00319489	0.00745474	0.428571	0.427788
C	5	0	-0.876143	0.491994	-0	0.00319489	0.00745474	0.428571	0.427788
Y	11	0	-0.607399	0.489045	-0	0.0479233	0.055804	0.858779	0.85839
Y	12	0	-0.607399	0.489045	-0	0.0479233	0.055804	0.858779	0.85839
Y	2	0	-0.607399	0.489045	-0	0.0479233	0.055804	0.858779	0.85839
G	1	0	-0.55942	0.477107	-0	0.0702875	0.0788072	0.891892	0.891583
V	14	0	0.328387	0.475293	-0	0.14377	0.13738	1.04651	1.04667
A	7	0	0.256646	0.470887	-0	0.0543131	0.0511182	1.0625	1.06271
M	12	0	-0.561646	0.468355	-0	0.0511182	0.0585729	0.872727	0.872371
G	5	0	0.27971	0.467157	-0	0.0830671	0.0788072	1.05405	1.05424
T	15	0	-0.562151	0.461427	-0	0.0415335	0.0483493	0.859031	0.858643
U	15	0	-0.562151	0.461427	-0	0.0415335	0.0483493	0.859031	0.858643
T	9	0	0.228374	0.460159	-0	0.0511182	0.0483493	1.05727	1.05746
U	9	0	0.228374	0.460159	-0	0.0511182	0.0483493	1.05727	1.05746
V	10	0	-0.492581	0.459806	-0	0.127796	0.13738	0.930233	0.930025
N	12	0	-0.455417	0.448729	-0	0.175719	0.185729	0.946101	0.945937
N	15	0	0.271313	0.443179	-0	0.191693	0.185729	1.03211	1.03222
R	10	0	-0.448303	0.438096	-0	0.121406	0.129925	0.934426	0.93423
H	11	0	-0.45119	0.434768	-0	0.0990415	0.106922	0.926295	0.926076
M	11	0	0.16047	0.423639	-0	0.0607029	0.0585729	1.03636	1.03648
M	15	0	0.16047	0.423639	-0	0.0607029	0.0585729	1.03636	1.03648
K	14	0	0.203597	0.421165	-0	0.13099	0.127157	1.03015	1.03025
K	15	0	0.203597	0.421165	-0	0.13099	0.127157	1.03015	1.03025
Y	9	0	0.13133	0.412849	-0	0.057508	0.055804	1.03053	1.03064
W	15	0	-0.402899	0.411502	-0	0.0926518	0.0994675	0.931477	0.931273
S	1	0	-0.402659	0.407673	-0	0.0798722	0.086262	0.925926	0.925706
S	14	0	-0.402659	0.407673	-0	0.0798722	0.086262	0.925926	0.925706
D	10	0	0.177215	0.403194	-0	0.182109	0.178275	1.02151	1.02158
D	15	0	0.177215	0.403194	-0	0.182109	0.178275	1.02151	1.02158
D	2	0	0.177215	0.403194	-0	0.182109	0.178275	1.02151	1.02158
D	7	0	0.177215	0.403194	-0	0.182109	0.178275	1.02151	1.02158
V	12	0	0.164194	0.402785	-0	0.140575	0.13738	1.02326	1.02333
V	2	0	0.164194	0.402785	-0	0.140575	0.13738	1.02326	1.02333
C	10	0	-0.219036	0.383935	-0	0.00638978	0.00745474	0.857143	0.856751
C	13	0	-0.219036	0.383935	-0	0.00638978	0.00745474	0.857143	0.856751
C	14	0	-0.219036	0.383935	-0	0.00638978	0.00745474	0.857143	0.856751
C	4	0	-0.219036	0.383935	-0	0.00638978	0.00745474	0.857143	0.856751
C	6	0	-0.219036	0.383935	-0	0.00638978	0.00745474	0.857143	0.856751
C	9	0	-0.219036	0.383935	-0	0.00638978	0.00745474	0.857143	0.856751
G	14	0	-0.349638	0.382748	-0	0.0734824	0.0788072	0.932432	0.932231
N	10	0	0.125967	0.381343	-0	0.188498	0.185729	1.01491	1.01496
Y	15	0	-0.361156	0.377208	-0	0.0511182	0.055804	0.916031	0.915784
A	11	0	0	0.362495	-0	0.0511182	0.0511182	1	1
A	15	0	0	0.362495	-0	0.0511182	0.0511182	1	1
A	6	0	0	0.362495	-0	0.0511182	0.0511182	1	1
M	9	0	-0.320941	0.362455	-0	0.0543131	0.0585729	0.927273	0.927057
H	15	0	-0.268275	0.35748	-0	0.102236	0.106922	0.956175	0.956041
K	1	0	0.0339328	0.352117	-0	0.127796	0.127157	1.00503	1.00504
K	7	0	0.0339328	0.352117	-0	0.127796	0.127157	1.00503	1.00504
T	4	0	-0.0351344	0.350775	-0	0.0479233	0.0483493	0.991189	0.991161
U	4	0	-0.0351344	0.350775	-0	0.0479233	0.0483493	0.991189	0.991161
S	5	0	0	0.347749	-0	0.086262	0.086262	1	1
T	2	0	-0.298642	0.347564	-0	0.0447284	0.0483493	0.92511	0.924888
U	2	0	-0.298642	0.347564	-0	0.0447284	0.0483493	0.92511	0.924888
W	9	0	-0.0251812	0.33498	-0	0.0990415	0.0994675	0.995717	0.995704
A	9	0	-0.256646	0.333359	-0	0.0479233	0.0511182	0.9375	0.937312
N	4	0	-0.164725	0.328492	-0	0.182109	0.185729	0.980505	0.980443
M	6	0	-0.0802352	0.328043	-0	0.057508	0.0585729	0.981818	0.981761
N	2	0	-0.0193795	0.325415	-0	0.185304	0.185729	0.997706	0.997699
V	4	0	-0.164194	0.323147	-0	0.134185	0.13738	0.976744	0.976671
Y	4	0	-0.114913	0.316872	-0	0.0543131	0.055804	0.973282	0.973199
H	9	0	-0.0853603	0.311604	-0	0.105431	0.106922	0.986056	0.986012
K	12	0	-0.135731	0.311466	-0	0.124601	0.127157	0.9799	0.979836
D	4	0	-0.118143	0.310995	-0	0.175719	0.178275	0.985663	0.985618
R	12	0	-0.112076	0.303535	-0	0.127796	0.129925	0.983607	0.983555
R	4	0	-0.112076	0.303535	-0	0.127796	0.129925	0.983607	0.983555
