TNA	1	0	5.37336	5.71463	1.2579	0.129032	0.046268	2.7888	2.37088
TAA	2	0	10.9349	9.55455	5.09782	0.0537634	0.0038851	13.8384	6.06383
AA	3	0	5.88551	6.4756	2.01887	0.134409	0.0449729	2.98866	2.52174
AACC	4	0	9.23303	6.89201	2.43528	0.0322581	0.00200141	16.1176	9.6
ANCA	5	0	5.17606	4.83791	0.381177	0.0645161	0.0163645	3.94245	3.16981
ACNC	6	0	3.74764	3.16378	-0	0.0376344	0.0101248	3.71705	2.82014
ATGC	7	0	5.38885	4.04916	-0	0.0215054	0.0023546	9.13333	6.05405
A	8	0	3.4306	3.41642	-0	0.317204	0.214033	1.48203	1.38796
ATAA	9	0	5.62543	3.94874	-0	0.016129	0.00129503	12.4545	7.63636
ACAC	10	0	5.22695	3.95086	-0	0.0215054	0.00247233	8.69841	6.22222
TAT	11	0	5.5337	4.79306	0.336333	0.0430108	0.00765246	5.62051	4.10811
AT	12	0	4.59288	4.63365	0.17692	0.123656	0.0501531	2.46557	2.4036
TACA	13	0	6.41188	4.63558	0.17885	0.0215054	0.00176595	12.1778	6.58824
CACG	14	0	4.93332	3.76859	-0	0.0215054	0.00270779	7.94203	8.61538
CCTA	15	0	7.27401	4.70431	0.247582	0.016129	0.000824111	19.5714	5.7931
TAGA	16	0	5.34351	3.80498	-0	0.016129	0.00141276	11.4167	6.46154
GCTA	17	0	6.46328	3.98582	-0	0.0107527	0.000470921	22.8333	3.73333
ACA	18	0	4.14418	3.62253	-0	0.0483871	0.0134212	3.60526	2.75806
CCTA	19	0	6.31712	4.28255	-0	0.016129	0.00105957	15.2222	5.7931
CTA	20	0	6.89163	5.70154	1.24481	0.0376344	0.00435602	8.63964	3.43966
TA	21	0	4.74102	4.48875	0.0320211	0.0752688	0.0230751	3.2619	1.96135
A	22	0	4.0025	4.27181	-0	0.322581	0.204262	1.57925	1.41205
ANT	23	0	3.26895	2.93394	-0	0.0913979	0.0428538	2.13278	1.69702
GGTT	24	0	5.74282	4.47428	0.0175501	0.0268817	0.00317871	8.45679	9.65517
ACCG	25	0	5.34351	3.80498	-0	0.016129	0.00141276	11.4167	7.63636
CTA	26	0	4.56967	3.77139	-0	0.0322581	0.00612197	5.26923	2.92308
AATA	27	0	5.94648	4.10692	-0	0.016129	0.0011773	13.7	7.63636
ATA	28	0	7.51365	6.39979	1.94306	0.0430108	0.00482694	8.91057	4.70103
TA	29	0	5.62998	5.55548	1.09875	0.0806452	0.0211914	3.80556	2.10654
ANNG	30	0	6.1587	7.07073	2.614	0.155914	0.0539204	2.89156	2.56556
CANA	31	0	4.99842	4.58205	0.125322	0.0591398	0.014834	3.98677	3.36612
TNAG	32	0	5.97642	5.67037	1.21364	0.0645161	0.0136567	4.72414	4.73239
GAG	33	0	6.02934	6.09756	1.64083	0.0860215	0.0216624	3.97101	4.87701
AG	34	0	5.70491	6.56806	2.11133	0.182796	0.0735814	2.48427	2.78925
G	35	0	5.00765	6.28653	1.8298	0.456989	0.290323	1.57407	1.82165
TGT	36	0	4.77661	4.35757	-0	0.0591398	0.0156581	3.77694	3.26562
GTCT	37	0	5.36789	4.2232	-0	0.0268817	0.0035319	7.61111	4.59016
TCTA	38	0	4.15501	3.14485	-0	0.016129	0.00211914	7.61111	6.22222
TAAG	39	0	5.157	3.47151	-0	0.0107527	0.000706381	15.2222	5.09091
GTGC	40	0	4.26523	3.44006	-0	0.0268817	0.00494467	5.43651	5.28302
CNTA	41	0	5.23116	4.41431	-0	0.0376344	0.00659289	5.70833	4.83951
AATT	42	0	5.09311	3.67332	-0	0.016129	0.00153049	10.5385	5.25
C	43	0	3.04674	2.92559	-0	0.370968	0.271603	1.36584	1.38187
ATCG	44	0	6.31712	4.28255	-0	0.016129	0.00105957	15.2222	9.88235
TTAC	45	0	5.62543	3.94874	-0	0.016129	0.00129503	12.4545	8
CGAC	46	0	6.31712	4.28255	-0	0.016129	0.00105957	15.2222	8.84211
CNNC	47	0	8.51326	12.2457	7.78901	0.252688	0.0817047	3.0927	3.07118
CNNC	48	0	8.4904	12.2007	7.74397	0.252688	0.0819402	3.08381	3.07118
TCG	49	0	6.51217	5.78367	1.32694	0.0483871	0.007417	6.52381	5.89655
C	50	0	4.88803	5.98144	1.52471	0.424731	0.266306	1.5949	1.58753
C	51	0	3.61517	3.74899	-0	0.387097	0.269484	1.43644	1.44343
TGCG	52	0	4.15501	3.14485	-0	0.016129	0.00211914	7.61111	12
GG	53	0	3.08205	2.81366	-0	0.150538	0.0868849	1.73261	2.06879
AACG	54	0	7.54816	4.35364	-0	0.0107527	0.00035319	30.4444	8
CTCA	55	0	3.94877	3.12006	-0	0.0215054	0.00376737	5.70833	4
AGAA	56	0	4.44023	3.45093	-0	0.0215054	0.00317871	6.76543	5.46341
ANAC	57	0	4.48377	3.79317	-0	0.0376344	0.00812338	4.63285	3.11111
ACG	58	0	3.99881	3.31575	-0	0.0322581	0.00729927	4.41935	4.88571
CG	59	0	2.21387	1.86081	-0	0.0698925	0.0386155	1.80996	2.04336
C	60	0	2.4544	2.18094	-0	0.349462	0.269602	1.29622	1.3
GNNG	1	0	-3.20311	3.71994	-0	0.0215054	0.0880622	0.244207	0.316832
GC	2	0	-2.94157	3.23671	-0	0.016129	0.0718154	0.22459	0.228047
CC	3	0	-2.58905	2.50617	-0	0.0268817	0.0777019	0.34596	0.351515
CC	4	0	-2.3762	2.14123	-0	0.0376344	0.0866494	0.43433	0.493317
GNNG	5	0	-2.76351	2.75891	-0	0.0376344	0.0978338	0.384677	0.556818
CNGC	6	0	-2.26504	2.19794	-0	0	0.0268425	0	0
GNNG	7	0	-2.78699	2.79951	-0	0.0376344	0.0985401	0.38192	0.556818
CNG	8	0	-3.49037	4.46269	0.00595783	0.016129	0.089004	0.181217	0.204301
TC	9	0	-2.41466	2.24405	-0	0.0215054	0.0652225	0.329723	0.307285
G	10	0	-3.77056	4.26639	-0	0.172043	0.298564	0.576236	0.672844
GNC	11	0	-2.08683	1.74262	-0	0.0376344	0.0788792	0.477114	0.527778
CCNC	12	0	-2.13941	1.96374	-0	0	0.024017	0	0
CTNC	13	0	-2.21347	2.10027	-0	0	0.0256652	0	0
GNNG	14	0	-2.80258	2.82668	-0	0.0376344	0.0990111	0.380103	0.556818
CNGC	15	0	-2.43307	2.53088	-0	0	0.0308453	0	0
GCNG	16	0	-2.47114	2.60942	-0	0	0.0317871	0	0
GNAG	17	0	-2.34544	2.35445	-0	0	0.0287262	0	0
CCNG	18	0	-2.39933	2.46222	-0	0	0.0300212	0	0
GGA	19	0	-2.30052	2.26637	-0	0	0.0276666	0	0
GNC	20	0	-3.04382	3.38582	-0	0.0215054	0.0831175	0.258735	0.300395
C	21	0	-2.96948	2.87488	-0	0.172043	0.268542	0.640655	0.63292
CG	22	0	-2.85248	3.45859	-0	0	0.0419119	0	0
GNNG	23	0	-2.58517	2.44815	-0	0.0430108	0.0998352	0.430818	0.637269
TGG	24	0	-2.35532	2.37403	-0	0	0.0289616	0	0
GNNG	25	0	-2.81036	2.84029	-0	0.0376344	0.0992465	0.379201	0.556818
GNG	26	0	-2.87097	3.04386	-0	0.0215054	0.0779374	0.275932	0.322489
GC	27	0	-2.5544	2.42924	-0	0.0322581	0.0842948	0.382682	0.457895
C	28	0	-2.92769	2.81081	-0	0.172043	0.267012	0.644327	0.63292
AGNA	29	0	-1.96068	1.65253	-0	0	0.0202496	0	0
G	30	0	-3.22707	3.26996	-0	0.188172	0.296209	0.635268	0.736711
GNNG	31	0	-3.78119	5.20118	0.744451	0.016129	0.0988933	0.163095	0.237288
CNG	32	0	-2.54607	2.41583	-0	0.0322581	0.0840593	0.383753	0.410072
CG	33	0	-2.71157	3.13169	-0	0	0.0380268	0	0
G	34	0	-3.74746	4.24363	-0	0.16129	0.285378	0.565181	0.630342
T	35	0	-2.64333	2.41037	-0	0.150538	0.232399	0.647754	0.609145
CNNC	36	0	-2.18097	1.86651	-0	0.0376344	0.0813515	0.462615	0.437012
CCA	37	0	-2.17673	2.03197	-0	0	0.0248411	0	0
GNCA	38	0	-2.09603	1.88582	-0	0	0.0230751	0	0
CCA	39	0	-2.14478	1.97348	-0	0	0.0241347	0	0
GCNG	40	0	-2.42827	2.52107	-0	0	0.0307276	0	0
GNNG	41	0	-2.7478	2.73195	-0	0.0376344	0.0973628	0.386538	0.556818
TNG	42	0	-2.13185	1.81363	-0	0.0268817	0.0655757	0.409934	0.477387
GNT	43	0	-2.70738	2.78127	-0	0.016129	0.0651048	0.24774	0.294828
G	44	0	-3.56068	3.86299	-0	0.177419	0.29668	0.598016	0.694118
GNNG	45	0	-2.95699	3.13311	-0	0.0322581	0.0961855	0.335373	0.476596
GG	46	0	-3.02534	3.30121	-0	0.0268817	0.0905345	0.296922	0.358911
GG	47	0	-3.66185	4.89079	0.434062	0.016129	0.0947728	0.170186	0.214815
GG	48	0	-3.89563	5.67598	1.21925	0.0107527	0.0941841	0.114167	0.143033
G	49	0	-3.59112	3.92769	-0	0.172043	0.291735	0.589723	0.672844
GG	50	0	-4.01187	6.26695	1.81022	0.00537634	0.0892395	0.0602463	0.0714286
TNNC	51	0	-3.08361	3.76222	-0	0.00537634	0.0583942	0.0920699	0.0858896
GNT	52	0	-2.24317	1.96922	-0	0.0268817	0.0684012	0.393001	0.49308
TGNT	53	0	-2.15013	1.98323	-0	0	0.0242524	0	0
TG	54	0	-2.26301	1.97188	-0	0.0430108	0.0906522	0.474459	0.541424
TG	55	0	-2.14193	1.80957	-0	0.0430108	0.0873558	0.492363	0.541424
GNTG	56	0	-2.13929	1.89277	-0	0.00537634	0.0336708	0.159674	0.290155
TNGG	57	0	-1.87155	1.50706	-0	0	0.0184836	0	0
CTG	58	0	-2.0477	1.74937	-0	0.00537634	0.0316694	0.169765	0.179811
GT	59	0	-2.12134	1.80775	-0	0.0215054	0.0578055	0.37203	0.395904
T	60	0	-1.66838	1.26847	-0	0.182796	0.234636	0.77906	0.741316
