#kmer	position	shift	statistics	p-value	corrected.p	frac.obs	frac.exp	obs/exp	local.r
ANNG	1	0	5.83792	6.58662	2.45232	0.155914	0.0568197	2.74401	2.88889
CANA	2	0	4.45256	4.02916	-0	0.0591398	0.016971	3.48475	4.14493
TNAG	3	0	5.25049	4.91579	0.781484	0.0645161	0.0160846	4.01104	6.11765
GAG	4	0	6.638	6.81304	2.67874	0.0860215	0.0192111	4.4777	4.69565
AG	5	0	5.90235	6.88138	2.74708	0.182796	0.0713756	2.56104	2.71225
G	6	0	6.03362	8.43537	4.30107	0.456989	0.262366	1.7418	1.78753
TGT	7	0	6.21263	5.79349	1.65918	0.0591398	0.0112005	5.2801	5.71154
AGAG	8	0	5.11295	4.19198	0.0576735	0.0322581	0.0052263	6.17225	7.09091
GAG	9	0	3.43297	2.98156	-0	0.0537634	0.0192111	2.79856	2.7551
CAAA	10	0	2.87099	2.32856	-0	0.016129	0.0035713	4.51629	4.875
GTGC	11	0	4.96545	3.94499	-0	0.0268817	0.00397441	6.7637	6.5
CNTA	12	0	4.35573	3.6847	-0	0.0376344	0.0084317	4.46344	6.5
TGAC	13	0	3.87216	3.06724	-0	0.0215054	0.00387217	5.55383	6.5
ACGT	14	0	3.72353	2.78945	-0	0.0107527	0.00122045	8.81039	13
TATA	15	0	7.94407	4.97536	0.841056	0.016129	0.00070194	22.9778	78
TTAC	16	0	4.73771	3.47978	-0	0.016129	0.00172277	9.36225	8.66667
CATC	17	0	5.00542	4.10985	-0	0.0322581	0.00538878	5.98615	4.10526
CNNC	18	0	7.973	11.1858	7.05145	0.252688	0.0874986	2.88791	2.47368
CNNC	19	0	7.973	11.1858	7.05145	0.252688	0.0874986	2.88791	2.47368
TCG	20	0	5.04269	4.46258	0.328272	0.0483871	0.0105716	4.57707	4.86
CG	21	0	4.81047	4.85539	0.721085	0.112903	0.0420838	2.68282	2.85437
GCCG	22	0	4.16847	3.26969	-0	0.0215054	0.00348732	6.16673	6.93333
TTTT	23	0	4.12794	3.24229	-0	0.0215054	0.00353681	6.08044	3.85185
GG	24	0	3.47486	3.28504	-0	0.150538	0.0810159	1.85812	1.91687
GAGG	25	0	4.67545	3.85436	-0	0.0322581	0.00593219	5.4378	4.72727
AAA	26	0	3.93163	3.32219	-0	0.0376344	0.00956927	3.93284	3.70588
AAGA	27	0	4.30639	3.36221	-0	0.0215054	0.00332583	6.46617	6.11765
ANA	28	0	3.00623	2.65328	-0	0.0913979	0.0454738	2.0099	1.89669
A	29	0	1.94349	1.62954	-0	0.274194	0.215591	1.27182	1.28385
G	30	0	0.533359	0.575002	-0	0.27957	0.262366	1.06557	1.06799
CG	1	0	-2.49339	2.51064	-0	0.00537634	0.0420838	0.127753	0.123894
GNNG	2	0	-2.85492	3.06345	-0	0.016129	0.0692875	0.232784	0.214876
CNG	3	0	-2.32693	2.07959	-0	0.0322581	0.0780181	0.413469	0.355263
CG	4	0	-2.85858	3.47308	-0	0	0.0420838	0	0
G	5	0	-3.13348	3.14643	-0	0.16129	0.262366	0.614754	0.606695
ANC	6	0	-2.66253	2.69869	-0	0.016129	0.0638639	0.252553	0.238235
CNNC	7	0	-2.40673	2.18638	-0	0.0376344	0.0874986	0.430114	0.340824
TNC	8	0	-2.27507	2.01534	-0	0.0268817	0.0692261	0.388318	0.369863
CNNA	9	0	-2.29551	2.05957	-0	0.0215054	0.0621376	0.346093	0.403101
CNCT	10	0	-2.16397	2.00853	-0	0	0.024558	0	0
CA	11	0	-2.41682	2.21366	-0	0.0322581	0.0804598	0.400922	0.392523
TNNG	12	0	-2.22383	1.95339	-0	0.0215054	0.0603291	0.356468	0.375451
TNCC	13	0	-1.98761	1.69775	-0	0	0.020798	0	0
AG	14	0	-2.64182	2.62361	-0	0.0215054	0.0713756	0.301299	0.293963
G	15	0	-2.63346	2.38059	-0	0.177419	0.262366	0.676229	0.668763
CTNG	16	0	-2.02605	1.76334	-0	0	0.0215927	0	0
GG	17	0	-2.70576	2.70587	-0	0.0268817	0.0810159	0.331808	0.324074
GG	18	0	-3.2432	3.88315	-0	0.016129	0.0810159	0.199085	0.193548
GG	19	0	-3.51193	4.64542	0.511112	0.0107527	0.0810159	0.132723	0.128736
GNT	20	0	-2.76807	2.9587	-0	0.0107527	0.0583151	0.184389	0.229787
GG	21	0	-3.78065	5.58423	1.44993	0.00537634	0.0810159	0.0663616	0.0642202
TNNC	22	0	-3.39134	4.52191	0.387609	0.00537634	0.0679596	0.0791109	0.0820189
TCA	23	0	-1.95882	1.64941	-0	0	0.0202119	0	0
AGNG	24	0	-1.88224	1.52415	-0	0	0.0186913	0	0
TCNG	25	0	-1.92826	1.59886	-0	0	0.0195985	0	0
TGC	26	0	-2.03376	1.77665	-0	0	0.0217539	0	0
CNC	27	0	-2.63041	2.55377	-0	0.0322581	0.0864641	0.37308	0.398034
TCA	28	0	-1.95882	1.64941	-0	0	0.0202119	0	0
C	29	0	-2.03378	1.63225	-0	0.225806	0.293728	0.768761	0.76268
T	30	0	-0.605575	0.513862	-0	0.209677	0.228315	0.918367	0.915789
