#kmer	position	shift	statistics	p-value	corrected.p	frac.obs	frac.exp	obs/exp	local.r
G	1	0	9.21032	16	11.5802	0.339357	0.25	1.35743	0.865431
GG	2	0	13.0974	16	11.5802	0.133534	0.0625	2.13655	0.690656
G	3	0	10.9179	16	11.5802	0.355924	0.25	1.42369	0.908164
G	4	0	13.8155	16	11.5802	0.384036	0.25	1.53614	0.980785
G	5	0	8.64114	16	11.5802	0.333835	0.25	1.33534	0.851197
G	6	0	11.3318	16	11.5802	0.35994	0.25	1.43976	0.91853
G	7	0	16.1957	16	11.5802	0.407129	0.25	1.62851	1.04054
AGG	8	0	14.2497	16	11.5802	0.0552209	0.015625	3.53414	1.32137
G	9	0	15.8852	16	11.5802	0.404116	0.25	1.61647	1.03274
AGG	10	0	10.6364	16	11.5802	0.0451807	0.015625	2.89157	1.07776
AGG	11	0	16.4176	16	11.5802	0.061245	0.015625	3.91968	1.46827
AGG	12	0	11.5397	16	11.5802	0.0476908	0.015625	3.05221	1.13852
AGG	13	0	12.0817	16	11.5802	0.0491968	0.015625	3.14859	1.17502
AG	14	0	10.1355	16	11.5802	0.11747	0.0625	1.87952	1.3522
AGG	15	0	10.0944	16	11.5802	0.0436747	0.015625	2.79518	1.04135
AGG	16	0	12.443	16	11.5802	0.0502008	0.015625	3.21285	1.19938
AG	17	0	10.5983	16	11.5802	0.11998	0.0625	1.91968	1.38161
AGG	18	0	11.5397	16	11.5802	0.0476908	0.015625	3.05221	1.13852
AGG	19	0	14.7916	16	11.5802	0.0567269	0.015625	3.63052	1.35805
AG	20	0	11.2462	16	11.5802	0.123494	0.0625	1.9759	1.42281
AGG	21	0	15.3336	16	11.5802	0.0582329	0.015625	3.72691	1.39475
AGG	22	0	13.7077	16	11.5802	0.0537149	0.015625	3.43775	1.28473
AG	23	0	9.76522	16	11.5802	0.115462	0.0625	1.84739	1.32869
AGG	24	0	14.9723	16	11.5802	0.0572289	0.015625	3.66265	1.37028
AGG	25	0	17.3209	16	11.5802	0.063755	0.015625	4.08032	1.52964
AG	26	0	12.3569	16	11.5802	0.129518	0.0625	2.07229	1.49354
AGG	27	0	16.2369	16	11.5802	0.060743	0.015625	3.88755	1.45601
AGG	28	0	18.7662	16	11.5802	0.0677711	0.015625	4.33735	1.62803
AGG	29	0	20.5728	16	11.5802	0.0727912	0.015625	4.65863	1.75137
AGG	30	0	11.5397	16	11.5802	0.0476908	0.015625	3.05221	1.13852
AGG	31	0	14.7916	16	11.5802	0.0567269	0.015625	3.63052	1.35805
AG	32	0	13.6528	16	11.5802	0.136546	0.0625	2.18474	1.57623
AGG	33	0	22.3794	16	11.5802	0.0778112	0.015625	4.97992	1.8751
AGG	34	0	13.8883	16	11.5802	0.0542169	0.015625	3.46988	1.29694
AGG	35	0	15.8756	16	11.5802	0.059739	0.015625	3.82329	1.4315
AAGG	36	0	24.1444	16	11.5802	0.0376506	0.00390625	9.63855	5.37229
AG	37	0	30.4064	16	11.5802	0.22741	0.0625	3.63855	2.66089
AG	38	0	14.4859	16	11.5802	0.141064	0.0625	2.25703	1.62947
G	39	0	76.1662	16	11.5802	0.988956	0.25	3.95582	2.57606
G	40	0	75.6488	16	11.5802	0.983936	0.25	3.93574	2.56256
AAGA	41	0	13.3686	16	11.5802	0.0225904	0.00390625	5.78313	3.92652
AGA	42	0	9.73313	15.6536	11.2338	0.0426707	0.015625	2.73092	2.2037
GAGG	43	0	12.2911	16	11.5802	0.0210843	0.00390625	5.39759	0.893867
AGG	44	0	9.55246	15.1764	10.7567	0.0421687	0.015625	2.6988	1.00497
GG	45	0	11.6164	16	11.5802	0.125502	0.0625	2.00803	0.648767
G	46	0	8.27894	15.3525	10.9328	0.330321	0.25	1.32129	0.842141
TTTT	47	0	11.5727	16	11.5802	0.0200803	0.00390625	5.14056	1.89526
TTT	48	0	9.01048	13.844	9.42424	0.0406627	0.015625	2.60241	1.64434
TTT	49	0	9.91379	15.9546	11.5348	0.0431727	0.015625	2.76305	1.74815
TTT	50	0	8.82982	13.4093	8.98953	0.0401606	0.015625	2.57028	1.62362
TTT	51	0	8.10717	11.724	7.30426	0.0381526	0.015625	2.44177	1.54081
TTTT	52	0	8.69915	10.8695	6.44973	0.0160643	0.00390625	4.11245	1.50868
TTTT	53	0	10.4951	14.2386	9.81883	0.0185743	0.00390625	4.75502	1.74984
TTT	54	0	8.4685	12.5553	8.1355	0.0391566	0.015625	2.50602	1.58219
TTTT	55	0	7.26239	8.40456	3.9848	0.0140562	0.00390625	3.59839	1.31683
TTTT	56	0	7.62158	9.00001	4.58025	0.0145582	0.00390625	3.72691	1.36471
TTTT	57	0	9.05834	11.519	7.09927	0.0165663	0.00390625	4.24096	1.5568
TTTT	58	0	10.1359	13.5413	9.12153	0.0180723	0.00390625	4.62651	1.70149
TTTT	59	0	11.5727	16	11.5802	0.0200803	0.00390625	5.14056	1.89526
TTTT	60	0	10.8543	14.9546	10.5348	0.0190763	0.00390625	4.88353	1.79826
TTTT	61	0	10.8543	14.9546	10.5348	0.0190763	0.00390625	4.88353	1.79826
TTTT	62	0	13.7278	16	11.5802	0.0230924	0.00390625	5.91165	2.18773
TTT	63	0	10.9978	16	11.5802	0.0461847	0.015625	2.95582	1.87308
TTT	64	0	9.19114	14.2825	9.86273	0.0411647	0.015625	2.63454	1.66508
TTTT	65	0	9.05834	11.519	7.09927	0.0165663	0.00390625	4.24096	1.5568
TTTT	66	0	9.41753	12.1812	7.76141	0.0170683	0.00390625	4.36948	1.60497
TTTT	67	0	11.5727	16	11.5802	0.0200803	0.00390625	5.14056	1.89526
TTT	68	0	10.9978	16	11.5802	0.0461847	0.015625	2.95582	1.87308
TTT	69	0	11.5397	16	11.5802	0.0476908	0.015625	3.05221	1.9357
TTT	70	0	9.19114	14.2825	9.86273	0.0411647	0.015625	2.63454	1.66508
TTT	71	0	9.19114	14.2825	9.86273	0.0411647	0.015625	2.63454	1.66508
TTT	72	0	10.6364	16	11.5802	0.0451807	0.015625	2.89157	1.8314
TTT	73	0	13.527	16	11.5802	0.0532129	0.015625	3.40562	2.16614
TTTT	74	0	10.4951	14.2386	9.81883	0.0185743	0.00390625	4.75502	1.74984
AAAA	75	0	14.087	16	11.5802	0.0235944	0.00390625	6.04016	3.76793
AAAA	76	0	15.5238	16	11.5802	0.0256024	0.00390625	6.55422	4.10593
AAAA	77	0	15.1646	16	11.5802	0.0251004	0.00390625	6.4257	4.02116
AAA	78	0	9.01048	13.844	9.42424	0.0406627	0.015625	2.60241	2.24353
AA	79	0	4.95203	5.93694	1.51719	0.0893574	0.0625	1.42972	1.55982
T	80	0	3.9325	4.31783	-0	0.288153	0.25	1.15261	1.30744
CG	1	0	-5.5074	8.90086	4.4811	0.0326305	0.0625	0.522088	1.2656
TA	2	0	-6.06277	10.8227	6.40295	0.0296185	0.0625	0.473896	0.86945
AT	3	0	-6.06277	10.8227	6.40295	0.0296185	0.0625	0.473896	0.73691
CG	4	0	-6.89582	14.2142	9.79447	0.0251004	0.0625	0.401606	0.969908
CG	5	0	-6.89582	14.2142	9.79447	0.0251004	0.0625	0.401606	0.969908
C	6	0	-7.70976	15.1095	10.6897	0.175201	0.25	0.700803	1.04562
C	7	0	-9.10683	16	11.5802	0.161647	0.25	0.646586	0.963743
C	8	0	-7.70976	15.1095	10.6897	0.175201	0.25	0.700803	1.04562
C	9	0	-8.5894	16	11.5802	0.166667	0.25	0.666667	0.99405
C	10	0	-8.69289	16	11.5802	0.165663	0.25	0.662651	0.987987
C	11	0	-9.52078	16	11.5802	0.157631	0.25	0.630522	0.939514
C	12	0	-11.3318	16	11.5802	0.14006	0.25	0.560241	0.833686
AC	13	0	-7.63631	16	11.5802	0.0210843	0.0625	0.337349	0.617414
C	14	0	-11.5905	16	11.5802	0.13755	0.25	0.550201	0.818591
C	15	0	-11.6423	16	11.5802	0.137048	0.25	0.548193	0.815573
C	16	0	-12.8841	16	11.5802	0.125	0.25	0.5	0.743199
C	17	0	-11.0731	16	11.5802	0.14257	0.25	0.570281	0.848788
AC	18	0	-7.54375	16	11.5802	0.0215863	0.0625	0.345382	0.632234
A	19	0	-8.17545	16	11.5802	0.170683	0.25	0.682731	0.774912
AT	20	0	-7.35863	16	11.5802	0.0225904	0.0625	0.361446	0.560792
A	21	0	-8.17545	16	11.5802	0.170683	0.25	0.682731	0.774912
A	22	0	-9.62427	16	11.5802	0.156627	0.25	0.626506	0.710522
AC	23	0	-8.19168	16	11.5802	0.0180723	0.0625	0.289157	0.528614
A	24	0	-8.2272	16	11.5802	0.170181	0.25	0.680723	0.772611
AC	25	0	-8.19168	16	11.5802	0.0180723	0.0625	0.289157	0.528614
AC	26	0	-9.30242	16	11.5802	0.0120482	0.0625	0.192771	0.351615
A	27	0	-10.5039	16	11.5802	0.148092	0.25	0.592369	0.671478
A	28	0	-10.3487	16	11.5802	0.149598	0.25	0.598394	0.678366
A	29	0	-8.69289	16	11.5802	0.165663	0.25	0.662651	0.751904
A	30	0	-11.2801	16	11.5802	0.140562	0.25	0.562249	0.63706
A	31	0	-9.21032	16	11.5802	0.160643	0.25	0.64257	0.728908
AC	32	0	-10.228	16	11.5802	0.00702811	0.0625	0.11245	0.204724
A	33	0	-9.83124	16	11.5802	0.154618	0.25	0.618474	0.701332
A	34	0	-11.8492	16	11.5802	0.13504	0.25	0.540161	0.611839
A	35	0	-10.2969	16	11.5802	0.1501	0.25	0.600402	0.680662
A	36	0	-10.3487	16	11.5802	0.149598	0.25	0.598394	0.678366
AA	37	0	-8.93217	16	11.5802	0.0140562	0.0625	0.2249	0.241299
A	38	0	-11.2283	16	11.5802	0.141064	0.25	0.564257	0.639354
A	39	0	-25.2508	16	11.5802	0.00502008	0.25	0.0200803	0.0225766
A	40	0	-25.2508	16	11.5802	0.00502008	0.25	0.0200803	0.0225766
C	41	0	-10.4004	16	11.5802	0.149096	0.25	0.596386	0.888077
CG	42	0	-5.59996	9.20366	4.7839	0.0321285	0.0625	0.514056	1.24582
CG	43	0	-7.1735	15.4775	11.0577	0.0235944	0.0625	0.37751	0.911034
CG	44	0	-6.34045	11.8824	7.46266	0.0281125	0.0625	0.449799	1.08792
CG	45	0	-5.04459	7.48611	3.06635	0.0351406	0.0625	0.562249	1.36466
CG	46	0	-7.35863	16	11.5802	0.0225904	0.0625	0.361446	0.871833
CG	47	0	-6.24789	11.5215	7.10178	0.0286145	0.0625	0.457831	1.10762
CG	48	0	-7.08094	15.0515	10.6317	0.0240964	0.0625	0.385542	0.930649
CG	49	0	-8.19168	16	11.5802	0.0180723	0.0625	0.289157	0.695911
CG	50	0	-6.89582	14.2142	9.79447	0.0251004	0.0625	0.401606	0.969908
CG	51	0	-5.69252	9.51331	5.09355	0.0316265	0.0625	0.506024	1.22605
CG	52	0	-8.00656	16	11.5802	0.0190763	0.0625	0.305221	0.734937
CG	53	0	-7.45119	16	11.5802	0.0220884	0.0625	0.353414	0.852247
CG	54	0	-6.98838	14.6324	10.2126	0.0245984	0.0625	0.393574	0.950273
CG	55	0	-7.54375	16	11.5802	0.0215863	0.0625	0.345382	0.832671
CG	56	0	-7.914	16	11.5802	0.0195783	0.0625	0.313253	0.754464
CG	57	0	-6.61814	13.0126	8.59282	0.0266064	0.0625	0.425703	1.02887
CG	58	0	-8.09912	16	11.5802	0.0185743	0.0625	0.297189	0.715419
CG	59	0	-8.19168	16	11.5802	0.0180723	0.0625	0.289157	0.695911
CG	60	0	-7.35863	16	11.5802	0.0225904	0.0625	0.361446	0.871833
CG	61	0	-8.3768	16	11.5802	0.0170683	0.0625	0.273092	0.656923
CG	62	0	-7.54375	16	11.5802	0.0215863	0.0625	0.345382	0.832671
CG	63	0	-7.72887	16	11.5802	0.0205823	0.0625	0.329317	0.793548
CG	64	0	-7.35863	16	11.5802	0.0225904	0.0625	0.361446	0.871833
CG	65	0	-7.1735	15.4775	11.0577	0.0235944	0.0625	0.37751	0.911034
CG	66	0	-7.08094	15.0515	10.6317	0.0240964	0.0625	0.385542	0.930649
CG	67	0	-8.00656	16	11.5802	0.0190763	0.0625	0.305221	0.734937
CG	68	0	-6.61814	13.0126	8.59282	0.0266064	0.0625	0.425703	1.02887
CG	69	0	-7.72887	16	11.5802	0.0205823	0.0625	0.329317	0.793548
CG	70	0	-7.72887	16	11.5802	0.0205823	0.0625	0.329317	0.793548
CG	71	0	-7.1735	15.4775	11.0577	0.0235944	0.0625	0.37751	0.911034
CG	72	0	-7.35863	16	11.5802	0.0225904	0.0625	0.361446	0.871833
CG	73	0	-7.914	16	11.5802	0.0195783	0.0625	0.313253	0.754464
CG	74	0	-6.98838	14.6324	10.2126	0.0245984	0.0625	0.393574	0.950273
CG	75	0	-7.82143	16	11.5802	0.0200803	0.0625	0.321285	0.774001
CG	76	0	-8.74705	16	11.5802	0.0150602	0.0625	0.240964	0.579065
CG	77	0	-7.914	16	11.5802	0.0195783	0.0625	0.313253	0.754464
CG	78	0	-6.24789	11.5215	7.10178	0.0286145	0.0625	0.457831	1.10762
CG	79	0	-7.45119	16	11.5802	0.0220884	0.0625	0.353414	0.852247
C	80	0	-3.88075	4.35365	-0	0.212349	0.25	0.849398	1.2709
