#kmer	position	shift	statistics	p-value	corrected.p	frac.obs	frac.exp	obs/exp	local.r
A	1	0	-8.88819	16	12.3126	0	0.25	0	-nan
A	2	0	-8.88819	16	12.3126	0	0.25	0	-nan
A	3	0	-8.88819	16	12.3126	0	0.25	0	-nan
A	4	0	-8.88819	16	12.3126	0	0.25	0	-nan
A	5	0	-8.88819	16	12.3126	0	0.25	0	-nan
A	6	0	-8.88819	16	12.3126	0	0.25	0	-nan
A	7	0	-8.88819	16	12.3126	0	0.25	0	-nan
A	8	0	-8.88819	16	12.3126	0	0.25	0	-nan
A	9	0	-8.88819	16	12.3126	0	0.25	0	-nan
A	10	0	-8.88819	16	12.3126	0	0.25	0	-nan
A	11	0	-8.88819	16	12.3126	0	0.25	0	-nan
A	12	0	-8.88819	16	12.3126	0	0.25	0	-nan
A	13	0	-8.88819	16	12.3126	0	0.25	0	-nan
A	14	0	-8.88819	16	12.3126	0	0.25	0	-nan
A	15	0	-8.88819	16	12.3126	0	0.25	0	-nan
A	16	0	-8.88819	16	12.3126	0	0.25	0	-nan
A	17	0	-8.88819	16	12.3126	0	0.25	0	-nan
