#kmer	position	shift	statistics	p-value	corrected.p	frac.obs	frac.exp	obs/exp	local.r
A	1	0	1.46303	1.2014	-0	0.268817	0.224086	1.19962	1.20091
AA	2	0	2.0046	1.67557	-0	0.0806452	0.0489357	1.64798	1.65377
A	3	0	3.04563	2.89377	-0	0.317204	0.224086	1.41555	1.41873
CCAG	4	0	4.24913	3.51709	-0	0.0322581	0.00674903	4.77966	4.87935
CACT	5	0	3.94791	3.20319	-0	0.0268817	0.00549073	4.89583	5.00115
ANNC	6	0	3.07152	2.74805	-0	0.107527	0.0558225	1.92623	1.93592
GTCA	7	0	4.75813	3.79818	-0	0.0268817	0.00423244	6.35135	6.54054
AT	8	0	4.4567	4.45661	0.0832591	0.123656	0.0514593	2.40299	2.42135
AATT	9	0	4.88975	3.74111	-0	0.0215054	0.00274537	7.83333	8.13377
CAGT	10	0	3.35358	2.74845	-0	0.0268817	0.00674903	3.98305	4.04833
TACA	11	0	4.12042	3.2372	-0	0.0215054	0.0035461	6.06452	6.23521
CACG	12	0	4.76201	3.65988	-0	0.0215054	0.00285976	7.52	7.79471
CTNG	13	0	3.34748	2.89953	-0	0.0537634	0.0196751	2.73256	2.75839
GGNT	14	0	3.59242	3.1041	-0	0.0483871	0.0156715	3.08759	3.12283
GGCC	15	0	4.2107	3.39969	-0	0.0268817	0.00503317	5.34091	5.46924
GGNT	16	0	3.59242	3.1041	-0	0.0483871	0.0156715	3.08759	3.12283
AGT	17	0	4.95002	4.53311	0.159755	0.0591398	0.015009	3.9403	4.00394
ANTT	18	0	3.84867	3.30056	-0	0.0430108	0.0121254	3.54717	3.59669
TAGG	19	0	4.56246	3.38139	-0	0.016129	0.00183024	8.8125	9.20106
ANGG	20	0	4.54404	4.12187	-0	0.0591398	0.0165866	3.56552	3.61566
GACT	21	0	3.5937	2.80097	-0	0.016129	0.00263098	6.13043	6.30529
GGTT	22	0	5.7153	4.45612	0.0827621	0.0268817	0.00320293	8.39286	8.74221
CTCT	23	0	3.76924	3.06786	-0	0.0268817	0.00583391	4.60784	4.69949
CTAT	24	0	3.95111	3.02235	-0	0.016129	0.00228781	7.05	7.28835
ATA	25	0	4.66067	4.02949	-0	0.0430108	0.00963262	4.46512	4.55035
TGAT	26	0	4.41762	3.43602	-0	0.0215054	0.00320293	6.71429	6.92829
ANG	27	0	3.26085	2.95781	-0	0.107527	0.0536514	2.00418	2.01511
ANNG	28	0	5.16962	5.59852	1.22517	0.155914	0.0634866	2.45586	2.47534
GA	29	0	3.9533	3.79995	-0	0.11828	0.0532148	2.22268	2.23747
G	30	0	6.34363	9.13119	4.75783	0.456989	0.254409	1.79628	1.80405
AGG	31	0	6.50531	6.65758	2.28422	0.0860215	0.0197133	4.36364	4.44444
GGC	32	0	5.78929	5.73839	1.36504	0.0806452	0.0204973	3.93443	3.99784
GGCC	33	0	5.24683	4.29343	-0	0.0322581	0.00503317	6.40909	6.60213
TGTC	34	0	5.59413	4.55233	0.178972	0.0322581	0.00457561	7.05	7.28835
AGAG	35	0	5.68848	4.62157	0.248221	0.0322581	0.00446122	7.23077	7.48279
GNCC	36	0	4.15499	3.728	-0	0.0591398	0.0183024	3.23125	3.2707
ANCC	37	0	2.93295	2.47819	-0	0.0430108	0.0160146	2.68571	2.71041
GTGC	38	0	3.82722	3.11192	-0	0.0268817	0.00571951	4.7	4.79592
CNTA	39	0	4.07945	3.44904	-0	0.0376344	0.00915122	4.1125	4.18287
TGAC	40	0	4.21497	3.301	-0	0.0215054	0.00343171	6.26667	6.4503
CCAA	41	0	3.29465	2.60935	-0	0.016129	0.00297415	5.42308	5.55591
C	42	0	3.91085	4.22869	-0	0.403226	0.275161	1.46542	1.46911
C	43	0	4.07503	4.50451	0.131152	0.408602	0.275161	1.48496	1.48886
CATC	44	0	3.94071	3.26872	-0	0.0322581	0.00743537	4.33846	4.41819
CNNC	45	0	7.77064	10.792	6.4186	0.252688	0.0897964	2.81401	2.84188
CNNC	46	0	7.77064	10.792	6.4186	0.252688	0.0897964	2.81401	2.84188
CGT	47	0	4.46125	3.77413	-0	0.0376344	0.00817652	4.60274	4.69416
CGCC	48	0	5.35392	4.21369	-0	0.0268817	0.0035461	7.58065	7.86024
GCCG	49	0	5.48583	4.10731	-0	0.0215054	0.00228781	9.4	9.84711
TGCG	50	0	4.74951	3.48634	-0	0.016129	0.00171585	9.4	9.84711
C	1	0	-1.17884	0.867302	-0	0.236559	0.275161	0.859711	0.859059
CT	2	0	-2.11669	1.78133	-0	0.0376344	0.0796577	0.472452	0.471108
TG	3	0	-2.17089	1.85297	-0	0.0376344	0.081084	0.464141	0.4628
CT	4	0	-2.6583	2.62352	-0	0.0268817	0.0796577	0.337466	0.336261
CNG	5	0	-3.18128	3.74496	-0	0.016129	0.0790771	0.203966	0.203092
GNNC	6	0	-1.93416	1.55525	-0	0.0322581	0.0679478	0.474747	0.473403
GNC	7	0	-2.00406	1.64137	-0	0.0322581	0.0696685	0.463022	0.461682
TC	8	0	-2.30905	2.06521	-0	0.0268817	0.0701119	0.383412	0.382138
TNA	9	0	-1.91144	1.53198	-0	0.0215054	0.0528674	0.40678	0.405479
CNNC	10	0	-1.71893	1.31348	-0	0.0537634	0.0897964	0.598726	0.59743
CNNC	11	0	-1.9754	1.59902	-0	0.0483871	0.0897964	0.538853	0.537514
GNT	12	0	-1.68697	1.27267	-0	0.0268817	0.0551075	0.487805	0.486458
CNNC	13	0	-2.74483	2.74853	-0	0.0322581	0.0897964	0.359236	0.357996
TA	14	0	-1.93673	1.57373	-0	0.0107527	0.0378539	0.284058	0.282963
CCT	15	0	-1.67024	1.22927	-0	0.00537634	0.0241935	0.222222	0.221292
C	16	0	-3.14904	3.15974	-0	0.172043	0.275161	0.625244	0.62398
GNC	17	0	-2.58008	2.51683	-0	0.0215054	0.0696685	0.308682	0.307532
CNA	18	0	-2.27107	2.04098	-0	0.016129	0.0536514	0.300626	0.299494
CNNC	19	0	-2.74483	2.74853	-0	0.0322581	0.0897964	0.359236	0.357996
GNNA	20	0	-2.11031	1.79251	-0	0.0215054	0.0575383	0.373757	0.372497
CG	21	0	-2.17418	1.94919	-0	0.00537634	0.0344525	0.156051	0.155342
ANA	22	0	-1.95052	1.58106	-0	0.0215054	0.0537634	0.4	0.398707
C	23	0	-3.14904	3.15974	-0	0.172043	0.275161	0.625244	0.62398
A	24	0	-2.22971	1.86899	-0	0.155914	0.224086	0.695777	0.694635
CNC	25	0	-2.42723	2.24478	-0	0.0268817	0.0732527	0.366972	0.365721
CNNC	26	0	-2.48835	2.31006	-0	0.0376344	0.0897964	0.419108	0.417796
ANNT	27	0	-1.95052	1.58106	-0	0.0215054	0.0537634	0.4	0.398707
ANT	28	0	-2.28467	2.06194	-0	0.016129	0.0539875	0.298755	0.297627
G	29	0	-2.91592	2.80218	-0	0.16129	0.254409	0.633981	0.63273
T	30	0	-3.03245	2.99508	-0	0.150538	0.246344	0.611087	0.609805
TC	31	0	-2.02188	1.6638	-0	0.0322581	0.0701119	0.460094	0.458755
ANC	32	0	-2.60436	2.5938	-0	0.016129	0.062276	0.258993	0.25796
ANNT	33	0	-1.95052	1.58106	-0	0.0215054	0.0537634	0.4	0.398707
CNNC	34	0	-2.48835	2.31006	-0	0.0376344	0.0897964	0.419108	0.417796
CNT	35	0	-1.7066	1.2975	-0	0.0376344	0.0694444	0.541936	0.540597
CA	36	0	-2.51444	2.36533	-0	0.0322581	0.0831688	0.387863	0.386584
CNNT	37	0	-2.03331	1.68277	-0	0.0268817	0.0631434	0.425725	0.424407
TNT	38	0	-2.53493	2.44045	-0	0.0215054	0.0684364	0.314239	0.313078
AG	39	0	-2.4667	2.32776	-0	0.0215054	0.0666008	0.3229	0.321722
GNT	40	0	-2.32962	2.13218	-0	0.016129	0.0551075	0.292683	0.291568
ANNG	41	0	-2.04738	1.70105	-0	0.0268817	0.0634866	0.423423	0.422108
GG	42	0	-2.41653	2.22814	-0	0.0268817	0.0729647	0.368421	0.367168
GG	43	0	-2.98039	3.31613	-0	0.016129	0.0729647	0.221053	0.220126
GG	44	0	-3.26232	4.03294	-0	0.0107527	0.0729647	0.147368	0.146692
G	45	0	-3.42098	3.66352	-0	0.145161	0.254409	0.570583	0.569262
GG	46	0	-3.54424	4.92587	0.552512	0.00537634	0.0729647	0.0736842	0.0733171
GNG	47	0	-2.75039	2.86186	-0	0.016129	0.0663082	0.243243	0.242252
GNNC	48	0	-2.51689	2.41032	-0	0.0215054	0.0679478	0.316498	0.315333
TNNC	49	0	-3.21706	4.08284	-0	0.00537634	0.0624571	0.0860806	0.0856574
TG	50	0	-1.90227	1.51453	-0	0.0430108	0.081084	0.530447	0.529104
