#kmer	position	shift	statistics	p-value	corrected.p	frac.obs	frac.exp	obs/exp	local.r
ANNG	1	0	5.73961	6.43938	2.30508	0.155914	0.0577459	2.7	2.72504
CANA	2	0	4.70674	4.28677	0.152466	0.0591398	0.0159299	3.7125	3.76774
TNAG	3	0	6.36839	6.07228	1.93798	0.0645161	0.0125448	5.14286	5.26066
GAG	4	0	6.24796	6.35516	2.22086	0.0860215	0.0207373	4.14815	4.21996
AG	5	0	5.90235	6.88138	2.74708	0.182796	0.0713756	2.56104	2.58283
G	6	0	6.03362	8.43537	4.30107	0.456989	0.262366	1.7418	1.74882
TGT	7	0	5.86894	5.45469	1.32039	0.0591398	0.0120968	4.88889	4.99386
AGAG	8	0	4.88718	4.01889	-0	0.0322581	0.00557547	5.78571	5.93936
GNCC	9	0	3.50371	3.07539	-0	0.0591398	0.0217045	2.72477	2.75041
TAGC	10	0	3.77349	2.81568	-0	0.0107527	0.00119474	9	9.40678
GTGC	11	0	4.24448	3.42472	-0	0.0268817	0.0049781	5.4	5.53156
CNTA	12	0	5.02717	4.24702	0.112718	0.0376344	0.00696933	5.4	5.53156
ATNC	13	0	3.86792	3.2674	-0	0.0376344	0.00975707	3.85714	3.91765
ACGT	14	0	3.77349	2.81568	-0	0.0107527	0.00119474	9	9.40678
TATA	15	0	7.41228	4.76178	0.627479	0.016129	0.000796495	20.25	22.6018
ATNC	16	0	3.86792	3.2674	-0	0.0376344	0.00975707	3.85714	3.91765
TATT	17	0	5.66836	3.68343	-0	0.0107527	0.000597372	18	19.8214
CNNC	18	0	6.37678	8.15153	4.01722	0.252688	0.107726	2.34566	2.36284
CNNC	19	0	6.37678	8.15153	4.01722	0.252688	0.107726	2.34566	2.36284
TCG	20	0	4.77558	4.21443	0.0801293	0.0483871	0.0113287	4.27119	4.34807
CG	21	0	4.81047	4.85539	0.721085	0.112903	0.0420838	2.68282	2.70745
GCCG	22	0	3.9369	3.1119	-0	0.0215054	0.00378335	5.68421	5.83187
GGAT	23	0	3.83792	2.95316	-0	0.016129	0.00238949	6.75	6.96653
GG	24	0	3.47486	3.28504	-0	0.150538	0.0810159	1.85812	1.86678
GAGG	25	0	3.80526	3.15867	-0	0.0322581	0.00776583	4.15385	4.22589
AGG	26	0	3.47197	3.04399	-0	0.0591398	0.0218894	2.70175	2.72684
AGAA	27	0	3.9369	3.1119	-0	0.0215054	0.00378335	5.68421	5.83187
ANA	28	0	2.61401	2.25126	-0	0.0913979	0.0497312	1.83784	1.8462
A	29	0	1.94349	1.62954	-0	0.274194	0.215591	1.27182	1.27369
G	30	0	0.533359	0.575002	-0	0.27957	0.262366	1.06557	1.06595
CG	1	0	-2.49339	2.51064	-0	0.00537634	0.0420838	0.127753	0.127154
GNNG	2	0	-2.97752	3.31022	-0	0.016129	0.0728793	0.221311	0.220384
CNG	3	0	-2.70781	2.68456	-0	0.0322581	0.0887097	0.363636	0.36239
CG	4	0	-2.85858	3.47308	-0	0	0.0420838	0	0
G	5	0	-3.13348	3.14643	-0	0.16129	0.262366	0.614754	0.613477
ANC	6	0	-2.73444	2.8318	-0	0.016129	0.0658602	0.244898	0.243902
CNNC	7	0	-3.08328	3.34322	-0	0.0376344	0.107726	0.349353	0.348129
TNC	8	0	-2.3445	2.11809	-0	0.0268817	0.0710445	0.378378	0.377111
GNCA	9	0	-2.09711	1.88774	-0	0	0.0230984	0	0
CCA	10	0	-2.03106	1.77198	-0	0	0.0216974	0	0
CA	11	0	-2.41682	2.21366	-0	0.0322581	0.0804598	0.400922	0.399628
TNT	12	0	-2.22234	1.95121	-0	0.0215054	0.0602919	0.356688	0.355452
TNC	13	0	-2.05908	1.71131	-0	0.0322581	0.0710445	0.454054	0.452718
AG	14	0	-2.64182	2.62361	-0	0.0215054	0.0713756	0.301299	0.300165
G	15	0	-2.63346	2.38059	-0	0.177419	0.262366	0.676229	0.675048
GNNG	16	0	-2.13128	1.80601	-0	0.0322581	0.0728793	0.442623	0.441293
GG	17	0	-2.70576	2.70587	-0	0.0268817	0.0810159	0.331808	0.330614
GG	18	0	-3.2432	3.88315	-0	0.016129	0.0810159	0.199085	0.198226
GG	19	0	-3.51193	4.64542	0.511112	0.0107527	0.0810159	0.132723	0.132104
GG	20	0	-2.70576	2.70587	-0	0.0268817	0.0810159	0.331808	0.330614
GG	21	0	-3.78065	5.58423	1.44993	0.00537634	0.0810159	0.0663616	0.0660283
TNNC	22	0	-3.24491	4.15144	0.0171357	0.00537634	0.0633214	0.0849057	0.0844877
TCA	23	0	-1.91794	1.58195	-0	0	0.0193932	0	0
AGNG	24	0	-1.9735	1.67398	-0	0	0.0205098	0	0
TCNG	25	0	-1.9735	1.67398	-0	0	0.0205098	0	0
TGC	26	0	-2.05845	1.81956	-0	0	0.0222734	0	0
CNC	27	0	-2.3744	2.14972	-0	0.0322581	0.0793011	0.40678	0.405479
TCA	28	0	-1.91794	1.58195	-0	0	0.0193932	0	0
C	29	0	-2.03378	1.63225	-0	0.225806	0.293728	0.768761	0.767802
T	30	0	-0.605575	0.513862	-0	0.209677	0.228315	0.918367	0.917962
