#kmer	position	shift	statistics	p-value	corrected.p	n1	mean1	std1	n2	mean2	std2
GNCC	1	0	2.14374	1.79481	-0	4851	0.121017	0.871887	44213	0.0890467	1.70425
TCCA	2	0	2.14374	1.79481	-0	4851	0.121017	0.871887	44213	0.0890467	1.70425
CCA	3	0	1.70009	1.35095	-0	5235	0.113778	0.840294	43829	0.0896313	1.71165
CAGC	4	0	2.14374	1.79481	-0	4851	0.121017	0.871887	44213	0.0890467	1.70425
AGC	5	0	2.14374	1.79481	-0	4851	0.121017	0.871887	44213	0.0890467	1.70425
GCNG	6	0	2.14374	1.79481	-0	4851	0.121017	0.871887	44213	0.0890467	1.70425
CTG	7	0	2.14374	1.79481	-0	4851	0.121017	0.871887	44213	0.0890467	1.70425
TGC	8	0	2.14374	1.79481	-0	4851	0.121017	0.871887	44213	0.0890467	1.70425
GCNC	9	0	2.14374	1.79481	-0	4851	0.121017	0.871887	44213	0.0890467	1.70425
CNCC	10	0	2.14374	1.79481	-0	4851	0.121017	0.871887	44213	0.0890467	1.70425
TCCT	11	0	2.14374	1.79481	-0	4851	0.121017	0.871887	44213	0.0890467	1.70425
CNT	12	0	2.47871	2.18069	-0	9430	0.119999	1.04165	39634	0.0855954	1.7535
CNTT	13	0	2.43775	2.13124	-0	9526	0.11557	0.758764	39538	0.0865789	1.78952
TNNC	14	0	2.43266	2.12494	-0	14320	0.134174	2.88973	34744	0.0749108	0.599608
TNCC	15	0	2.47871	2.18069	-0	9430	0.119999	1.04165	39634	0.0855954	1.7535
TNCC	16	0	2.43775	2.13124	-0	9526	0.11557	0.758764	39538	0.0865789	1.78952
CC	17	0	2.37988	2.06234	-0	9545	0.118655	1.03543	39519	0.0858198	1.75605
CC	18	0	2.43552	2.12857	-0	9528	0.115546	0.758686	39536	0.0865832	1.78957
CAG	19	0	2.15793	1.81026	-0	4882	0.121099	0.870647	44182	0.0890152	1.70476
AGNT	20	0	2.17649	1.83058	-0	4866	0.121421	0.872054	44198	0.0889913	1.70445
GTTT	21	0	2.1409	1.79173	-0	4853	0.120969	0.871711	44211	0.0890505	1.70428
TTTG	22	0	2.14293	1.79393	-0	4852	0.121001	0.871798	44212	0.0890477	1.70427
TTG	23	0	2.18973	1.84515	-0	4857	0.121641	0.872847	44207	0.0889738	1.70428
TGAT	24	0	2.14538	1.7966	-0	4853	0.121029	0.871711	44211	0.0890439	1.70428
GATT	25	0	2.13282	1.78298	-0	4859	0.120833	0.871181	44205	0.0890611	1.7044
ATTT	26	0	2.12923	1.7791	-0	4863	0.120767	0.870827	44201	0.0890655	1.70448
TTTC	27	0	2.13673	1.78721	-0	4860	0.120881	0.871094	44204	0.0890551	1.70442
TTCA	28	0	2.1289	1.77874	-0	4865	0.120753	0.870655	44199	0.0890656	1.70451
TCAA	29	0	1.77843	1.4239	-0	5273	0.114664	0.838066	43791	0.0895035	1.71234
CAAT	30	0	2.0696	1.7154	-0	4993	0.119433	0.860735	44071	0.0891231	1.70692
AATA	31	0	2.13897	1.78965	-0	4913	0.120681	0.866901	44151	0.0890391	1.70541
ATAA	32	0	2.0948	1.74215	-0	4952	0.119924	0.863524	44112	0.0890962	1.70616
TAAA	33	0	2.11823	1.76725	-0	4909	0.120421	0.86716	44155	0.0890709	1.70534
A	34	0	2.51712	2.22779	-0	26376	0.108356	2.19367	22688	0.0734342	0.477151
A	35	0	2.68572	2.44118	-0	24932	0.111488	2.25862	24132	0.0722884	0.450662
ATC	36	0	2.27846	1.94466	-0	5376	0.121956	0.892079	43688	0.088547	1.7105
ANTT	37	0	2.25826	1.91896	-0	971	0.141465	0.652326	48093	0.0912131	1.65477
CANT	38	0	2.82225	2.61997	-0	1841	0.134201	0.575705	47223	0.0905705	1.66869
ANTT	39	0	3.5368	3.68243	-0	1391	0.170902	0.805673	47673	0.0899115	1.65891
TTNT	40	0	3.36475	3.40695	-0	1342	0.170171	0.827214	47722	0.0900152	1.65796
TNTA	41	0	3.02739	2.90246	-0	1154	0.14515	0.551259	47910	0.0909324	1.65831
TNNA	42	0	4.78802	6.07074	1.38389	4798	0.143313	0.593481	44266	0.0866683	1.71636
TNAA	43	0	5.00731	6.51443	1.82758	1274	0.200499	0.744826	47790	0.0893208	1.65807
TAA	44	0	4.2191	4.88726	0.200413	1236	0.184535	0.742875	47828	0.0898216	1.6576
AA	45	0	4.36479	5.19274	0.505893	3979	0.140884	0.574498	45085	0.0879117	1.70318
ANNC	46	0	3.40267	3.47139	-0	2833	0.192646	1.61706	46231	0.0860528	1.64215
ANNC	47	0	4.57437	5.60782	0.920971	2977	0.196969	1.26142	46087	0.0854405	1.66221
CNCA	48	0	7.43209	12.9135	8.22669	854	0.375167	1.11086	48210	0.0871952	1.64831
CNA	49	0	8.08339	15.3934	10.7065	3777	0.308691	1.71969	45287	0.0741526	1.63286
GAA	50	0	8.89618	18.0643	13.3775	1253	0.360201	1.06107	47811	0.0851842	1.65278
A	51	0	7.6536	13.9867	9.29984	16387	0.204828	2.82569	32677	0.0357302	0.170709
ANT	52	0	3.89362	4.3009	-0	3051	0.152366	0.800356	46013	0.0882187	1.68177
TT	53	0	3.43671	3.5267	-0	3105	0.162818	1.14262	45959	0.0874372	1.6691
TNNT	54	0	3.70017	3.96083	-0	2299	0.156876	0.797269	46765	0.0890285	1.67136
T	55	0	3.4065	3.48163	-0	8772	0.140979	1.43168	40292	0.0815896	1.68281
GTNT	56	0	3.52296	3.64919	-0	704	0.171112	0.569041	48360	0.091059	1.65134
TNT	57	0	3.48085	3.59425	-0	2011	0.189397	1.25998	47053	0.0880538	1.6551
GTNT	58	0	3.10985	3.00869	-0	537	0.189433	0.711683	48527	0.0911317	1.64822
TC	59	0	3.52062	3.65891	-0	1796	0.164037	0.836851	47268	0.0894784	1.66374
TNT	60	0	2.93278	2.7683	-0	1373	0.189107	1.22796	47691	0.0894179	1.65117
TT	61	0	2.72818	2.49282	-0	1270	0.142058	0.611286	47794	0.090883	1.65954
TT	62	0	2.63045	2.36543	-0	1119	0.153246	0.752979	47945	0.090783	1.65592
GNGT	63	0	2.32753	2.00082	-0	3094	0.119968	0.556184	45970	0.0903392	1.68905
TNT	64	0	2.4832	2.1798	-0	783	0.212832	1.36533	48281	0.0902514	1.64491
TNT	65	0	2.53669	2.24371	-0	682	0.368932	2.88265	48382	0.0883069	1.61625
TNT	66	0	2.55959	2.27115	-0	614	0.255872	1.59382	48450	0.0901335	1.64138
GCNT	67	0	2.2905	1.95816	-0	2897	0.120546	0.567936	46167	0.0904294	1.68559
CATC	68	0	2.21777	1.87609	-0	2853	0.119669	0.563766	46211	0.0905122	1.68496
ATNC	69	0	2.34438	2.0203	-0	2905	0.121015	0.562788	46159	0.0903946	1.68582
TCC	70	0	2.26974	1.93453	-0	2888	0.120134	0.562047	46176	0.090461	1.68557
CC	71	0	2.25571	1.9187	-0	3015	0.119366	0.556468	46049	0.0904294	1.68775
CTNC	72	0	2.21531	1.87336	-0	2879	0.119494	0.561998	46185	0.0905067	1.68542
TT	73	0	2.42102	2.11066	-0	2987	0.121713	0.564376	46077	0.0902949	1.68712
TNAT	74	0	2.28473	1.95155	-0	2847	0.120602	0.566325	46217	0.0904585	1.68481
CATG	75	0	2.21864	1.87705	-0	2841	0.11975	0.56465	46223	0.0905148	1.68475
ATGG	76	0	2.21864	1.87705	-0	2841	0.11975	0.56465	46223	0.0905148	1.68475
TGGT	77	0	2.21864	1.87705	-0	2841	0.11975	0.56465	46223	0.0905148	1.68475
GGTC	78	0	2.21864	1.87705	-0	2841	0.11975	0.56465	46223	0.0905148	1.68475
GTC	79	0	2.21864	1.87705	-0	2841	0.11975	0.56465	46223	0.0905148	1.68475
TCNG	80	0	2.21864	1.87705	-0	2841	0.11975	0.56465	46223	0.0905148	1.68475
CNG	81	0	2.21864	1.87705	-0	2841	0.11975	0.56465	46223	0.0905148	1.68475
TGGG	82	0	2.21864	1.87705	-0	2841	0.11975	0.56465	46223	0.0905148	1.68475
GGGC	83	0	2.21864	1.87705	-0	2841	0.11975	0.56465	46223	0.0905148	1.68475
GGC	84	0	2.21864	1.87705	-0	2841	0.11975	0.56465	46223	0.0905148	1.68475
GCT	85	0	2.21864	1.87705	-0	2841	0.11975	0.56465	46223	0.0905148	1.68475
CTTG	86	0	2.21864	1.87705	-0	2841	0.11975	0.56465	46223	0.0905148	1.68475
TNGC	87	0	2.21864	1.87705	-0	2841	0.11975	0.56465	46223	0.0905148	1.68475
TGC	88	0	2.21864	1.87705	-0	2841	0.11975	0.56465	46223	0.0905148	1.68475
GCG	89	0	2.21864	1.87705	-0	2841	0.11975	0.56465	46223	0.0905148	1.68475
CG	90	0	2.21864	1.87705	-0	2841	0.11975	0.56465	46223	0.0905148	1.68475
GGT	91	0	2.00262	1.64197	-0	634	0.166392	0.925935	48430	0.0912365	1.64818
TCNG	92	0	2.50452	2.21149	-0	3527	0.132211	0.908205	45537	0.0891092	1.68436
CNG	93	0	2.50452	2.21149	-0	3527	0.132211	0.908205	45537	0.0891092	1.68436
CNG	94	0	2.26135	1.92483	-0	3450	0.131509	0.996153	45614	0.089235	1.67959
TNT	95	0	2.15698	1.80944	-0	8018	0.114627	0.79568	41046	0.0878282	1.75918
TNNT	96	0	2.23442	1.89472	-0	2922	0.119556	0.561141	46142	0.0904758	1.68614
GGC	97	0	2.00262	1.64197	-0	634	0.166392	0.925935	48430	0.0912365	1.64818
TNG	98	0	2.11553	1.76453	-0	6508	0.113856	0.664436	42556	0.088897	1.74262
TG	99	0	1.56222	1.22822	-0	5343	0.108141	0.579383	43721	0.0902605	1.72642
T	100	0	1.52604	1.19717	-0	18160	0.110927	2.58517	30904	0.0812079	0.589278
TTC	1	0	-9.69081	21.7517	17.0648	492	0.0171889	0.0503512	48572	0.0929675	1.64916
TCCC	2	0	-9.69081	21.7517	17.0648	492	0.0171889	0.0503512	48572	0.0929675	1.64916
CCC	3	0	-9.69081	21.7517	17.0648	492	0.0171889	0.0503512	48572	0.0929675	1.64916
TNCC	4	0	-8.66629	17.6383	12.9514	1729	0.0260823	0.0788776	47335	0.094623	1.67048
CAGT	5	0	-9.69081	21.7517	17.0648	492	0.0171889	0.0503512	48572	0.0929675	1.64916
AGT	6	0	-9.69081	21.7517	17.0648	492	0.0171889	0.0503512	48572	0.0929675	1.64916
GT	7	0	-9.69081	21.7517	17.0648	492	0.0171889	0.0503512	48572	0.0929675	1.64916
TNNG	8	0	-9.69081	21.7517	17.0648	492	0.0171889	0.0503512	48572	0.0929675	1.64916
TNG	9	0	-9.69081	21.7517	17.0648	492	0.0171889	0.0503512	48572	0.0929675	1.64916
TGA	10	0	-9.69081	21.7517	17.0648	492	0.0171889	0.0503512	48572	0.0929675	1.64916
GA	11	0	-9.69081	21.7517	17.0648	492	0.0171889	0.0503512	48572	0.0929675	1.64916
AT	12	0	-9.69658	21.7782	17.0913	565	0.0171791	0.0537415	48499	0.0930817	1.6504
TNA	13	0	-8.6617	17.6192	12.9324	1321	0.0250494	0.0855386	47743	0.0940658	1.66334
TNCA	14	0	-9.69081	21.7517	17.0648	492	0.0171889	0.0503512	48572	0.0929675	1.64916
TCAA	15	0	-9.7311	21.9242	17.2373	504	0.0170177	0.0498322	48560	0.092988	1.64936
CAA	16	0	-9.7311	21.9242	17.2373	504	0.0170177	0.0498322	48560	0.092988	1.64936
ANTA	17	0	-9.69541	21.7713	17.0844	493	0.0171659	0.0503027	48571	0.0929693	1.64918
ANAA	18	0	-9.70919	21.8301	17.1433	496	0.0170966	0.0501595	48568	0.0929747	1.64923
TAA	19	0	-9.69919	21.7875	17.1006	494	0.0171492	0.050254	48570	0.092971	1.64919
ANAT	20	0	-9.74692	21.9918	17.305	506	0.0169227	0.04971	48558	0.0929921	1.6494
ANNC	21	0	-9.75569	22.0312	17.3443	535	0.017061	0.0493733	48529	0.093036	1.64989
ATC	22	0	-9.75719	22.0359	17.3491	509	0.0168801	0.0495563	48555	0.0929973	1.64945
ANTC	23	0	-8.70999	17.7997	13.1128	812	0.0242055	0.0714476	48252	0.093352	1.6546
ANC	24	0	-8.81696	18.2125	13.5257	921	0.0235471	0.0742819	48143	0.0935211	1.65646
ANC	25	0	-8.48224	16.9425	12.2557	1093	0.0263037	0.0792578	47971	0.0937092	1.65941
AAA	26	0	-7.01016	11.9169	7.23006	1730	0.0360997	0.13075	47334	0.0942583	1.67039
ANNC	27	0	-7.39785	13.152	8.46514	1958	0.0339354	0.123522	47106	0.0946297	1.67442
CNT	28	0	-7.74333	14.2773	9.59043	585	0.027355	0.0956563	48479	0.0929902	1.65072
ANG	29	0	-9.41195	20.5899	15.9031	547	0.0198549	0.0485784	48517	0.0930233	1.65009
CNNC	30	0	-8.52392	17.08	12.3932	549	0.0237236	0.0737041	48515	0.0929826	1.65012
GNNT	31	0	-8.8917	18.4903	13.8035	542	0.0217588	0.0661569	48522	0.0929945	1.65
GNNG	32	0	-9.51718	21.0188	16.3319	494	0.0180929	0.0539234	48570	0.0929614	1.64919
GNNG	33	0	-8.70867	17.7749	13.0881	634	0.0213863	0.0855941	48430	0.0931347	1.65155
GNC	34	0	-9.5214	21.0461	16.3593	647	0.0192974	0.0499914	48417	0.0931819	1.65179
CG	35	0	-7.92527	14.9214	10.2345	765	0.0278881	0.0931493	48299	0.0932264	1.65378
GNNG	36	0	-8.23909	16.0472	11.3603	1194	0.027169	0.096619	47870	0.0938298	1.66113
GNNG	37	0	-7.64747	13.9781	9.29121	1434	0.031084	0.117122	47630	0.0940479	1.66526
ANGG	38	0	-7.63946	13.9265	9.23963	653	0.0276755	0.105141	48411	0.0930781	1.65186
ANGG	39	0	-7.83068	14.5913	9.9044	736	0.0282679	0.094603	48328	0.0931814	1.65328
GNGG	40	0	-9.29762	20.1034	15.4165	517	0.0183212	0.0661075	48547	0.0929945	1.64958
GGG	41	0	-10.1187	23.612	18.9252	521	0.0148033	0.0440184	48543	0.0930384	1.64965
GGG	42	0	-9.95026	22.8612	18.1744	538	0.0143957	0.0587601	48526	0.0930703	1.64993
GGNG	43	0	-9.39921	20.5098	15.8229	507	0.0167015	0.0707035	48557	0.092996	1.64941
GCNC	44	0	-8.84924	18.327	13.6401	492	0.0225702	0.0594898	48572	0.092913	1.64916
AGG	45	0	-9.59971	21.3711	16.6843	546	0.0183381	0.0492063	48518	0.0930389	1.65008
GGNG	46	0	-10.1597	23.7965	19.1097	528	0.0150416	0.0389555	48536	0.0930471	1.64977
GNTA	47	0	-11.0461	27.9077	23.2208	565	0.00995842	0.0181042	48499	0.0931658	1.6504
TTA	48	0	-11.1732	28.5246	23.8378	579	0.0089188	0.0202327	48485	0.0932022	1.65064
TTG	49	0	-11.1503	28.4127	23.7259	511	0.00924727	0.0158276	48553	0.0930807	1.64949
TGC	50	0	-11.3208	29.2489	24.5621	543	0.00783142	0.0193487	48521	0.0931519	1.65003
GGNG	51	0	-10.2867	24.3644	19.6775	498	0.0140837	0.0377365	48566	0.0930087	1.64926
GGG	52	0	-8.11395	15.5849	10.898	715	0.0263227	0.0902379	48349	0.0931819	1.65293
AGGG	53	0	-8.42918	16.7471	12.0603	4584	0.0291544	0.078241	44480	0.0987057	1.72306
GGG	54	0	-7.39823	13.1541	8.46727	5368	0.0328126	0.256627	43696	0.0995042	1.7363
GGTG	55	0	-7.07796	12.1299	7.44306	4623	0.0357277	0.223946	44441	0.098083	1.72251
GTGC	56	0	-7.91319	14.8922	10.2053	4617	0.0326894	0.098351	44447	0.0983902	1.72361
TGCA	57	0	-7.81327	14.5461	9.85928	4713	0.0332776	0.108437	44351	0.0984699	1.7254
GCAT	58	0	-8.33576	16.4029	11.7161	4439	0.0297825	0.0810599	44625	0.0984172	1.72026
CATC	59	0	-8.38485	16.5833	11.8965	4421	0.029451	0.0786859	44643	0.0984224	1.71992
ATCC	60	0	-8.18565	15.8576	11.1708	4417	0.0307069	0.0922077	44647	0.098292	1.71979
TCCT	61	0	-8.38225	16.5738	11.8869	4402	0.0294668	0.0786994	44662	0.0983915	1.71956
CCTT	62	0	-8.3847	16.5828	11.896	4408	0.0294468	0.0788635	44656	0.0984027	1.71967
CTTC	63	0	-7.93364	14.9639	10.277	4411	0.0315642	0.138321	44653	0.0981982	1.71937
TTCA	64	0	-7.54517	13.6388	8.95192	4486	0.033797	0.166653	44578	0.0980856	1.72056
TCAT	65	0	-8.28714	16.2253	11.5384	4404	0.0301047	0.0831459	44660	0.0983317	1.71958
CATG	66	0	-8.34063	16.4208	11.7339	4395	0.0297322	0.081389	44669	0.0983546	1.71941
ATGG	67	0	-8.41455	16.693	12.0062	4405	0.0292432	0.0776179	44659	0.0984182	1.71962
TGGT	68	0	-8.41859	16.708	12.0211	4396	0.0292113	0.0776253	44668	0.0984074	1.71945
GGTC	69	0	-8.3125	16.3178	11.631	4410	0.0298698	0.0857924	44654	0.098364	1.71968
GNCT	70	0	-8.39309	16.6138	11.9269	4402	0.029391	0.0783709	44662	0.098399	1.71956
TCNG	71	0	-8.30964	16.3074	11.6205	4404	0.0299354	0.083189	44660	0.0983484	1.71958
CTNG	72	0	-8.40091	16.6426	11.9558	4393	0.0293333	0.0782213	44671	0.0983907	1.71939
TNGG	73	0	-8.42171	16.7195	12.0327	4400	0.0291895	0.077579	44664	0.0984157	1.71953
GGGC	74	0	-8.36306	16.5032	11.8163	4402	0.0295769	0.0807177	44662	0.0983807	1.71955
GGCT	75	0	-8.41741	16.7036	12.0168	4377	0.029215	0.0777321	44687	0.0983776	1.71908
GNTT	76	0	-8.41992	16.7129	12.0261	4377	0.0291963	0.0777265	44687	0.0983794	1.71908
CTTG	77	0	-8.41934	16.7108	12.0239	4376	0.0292004	0.0777349	44688	0.0983775	1.71906
TNGC	78	0	-8.41934	16.7108	12.0239	4376	0.0292004	0.0777349	44688	0.0983775	1.71906
TGCG	79	0	-8.41934	16.7108	12.0239	4376	0.0292004	0.0777349	44688	0.0983775	1.71906
GCG	80	0	-8.41934	16.7108	12.0239	4376	0.0292004	0.0777349	44688	0.0983775	1.71906
CG	81	0	-8.41934	16.7108	12.0239	4376	0.0292004	0.0777349	44688	0.0983775	1.71906
CG	82	0	-6.05181	9.14171	4.45486	3651	0.0440311	0.190923	45413	0.0960808	1.70466
TCNG	83	0	-4.52051	5.50978	0.822924	6532	0.0553249	0.322668	42532	0.097872	1.75779
CNGT	84	0	-8.41934	16.7108	12.0239	4376	0.0292004	0.0777349	44688	0.0983775	1.71906
TGNC	85	0	-8.41934	16.7108	12.0239	4376	0.0292004	0.0777349	44688	0.0983775	1.71906
TGNC	86	0	-6.05181	9.14171	4.45486	3651	0.0440311	0.190923	45413	0.0960808	1.70466
TCTT	87	0	-8.41934	16.7108	12.0239	4376	0.0292004	0.0777349	44688	0.0983775	1.71906
TCTT	88	0	-6.05181	9.14171	4.45486	3651	0.0440311	0.190923	45413	0.0960808	1.70466
TTGG	89	0	-8.41934	16.7108	12.0239	4376	0.0292004	0.0777349	44688	0.0983775	1.71906
TNGG	90	0	-6.74637	11.1152	6.42837	8964	0.0402597	0.250043	40100	0.10382	1.811
GGGG	91	0	-8.41934	16.7108	12.0239	4376	0.0292004	0.0777349	44688	0.0983775	1.71906
GGGG	92	0	-7.48257	13.4303	8.74344	8027	0.035946	0.141168	41037	0.103213	1.79292
GGGA	93	0	-8.41934	16.7108	12.0239	4376	0.0292004	0.0777349	44688	0.0983775	1.71906
GGA	94	0	-8.41934	16.7108	12.0239	4376	0.0292004	0.0777349	44688	0.0983775	1.71906
GA	95	0	-8.41934	16.7108	12.0239	4376	0.0292004	0.0777349	44688	0.0983775	1.71906
A	96	0	-8.42537	16.7331	12.0462	4398	0.0291617	0.077581	44666	0.0984154	1.71949
CNNA	97	0	-8.41934	16.7108	12.0239	4376	0.0292004	0.0777349	44688	0.0983775	1.71906
TNA	98	0	-8.41934	16.7108	12.0239	4376	0.0292004	0.0777349	44688	0.0983775	1.71906
TA	99	0	-8.41934	16.7108	12.0239	4376	0.0292004	0.0777349	44688	0.0983775	1.71906
A	100	0	-5.84039	8.58162	3.89477	7107	0.0462942	0.263328	41957	0.0999848	1.77101
