#kmer	position	shift	statistics	p-value	corrected.p	frac.obs	frac.exp	obs/exp	local.r
C	1	0	1.3323	1.20366	-0	0.046729	0.0261682	1.78571	1.79905
Y	2	0	1.65594	1.39488	-0	0.11215	0.071028	1.57895	1.58762
T	3	0	0.0934062	0.458233	-0	0.046729	0.0448598	1.04167	1.04208
T	5	0	0.0934062	0.458233	-0	0.046729	0.0448598	1.04167	1.04208
A	6	0	1.37167	1.17799	-0	0.102804	0.0691589	1.48649	1.49334
G	7	0	3.33299	3.00956	0.471742	0.140187	0.0623053	2.25	2.27685
K	9	0	1.10428	0.970429	-0	0.140187	0.107165	1.30814	1.31195
D	10	0	1.55586	1.29764	-0	0.233645	0.176324	1.32509	1.32916
G	11	0	0.533278	0.651312	-0	0.0747664	0.0623053	1.2	1.20227
C	12	0	0.726709	0.824422	-0	0.0373832	0.0261682	1.42857	1.43437
W	13	0	1.76415	1.47684	-0	0.168224	0.114019	1.47541	1.48206
C	14	0	3.75466	3.27958	0.741764	0.0841122	0.0261682	3.21429	3.28286
A	15	0	3.27676	2.96465	0.426832	0.149533	0.0691589	2.16216	2.18613
A	1	0	-0.533426	0.414616	-0	0.0560748	0.0691589	0.810811	0.809366
A	2	0	-0.533426	0.414616	-0	0.0560748	0.0691589	0.810811	0.809366
M	3	0	-0.72423	0.524633	-0	0.0747664	0.0953271	0.784314	0.782721
Y	4	0	-1.35486	0.935996	-0	0.0373832	0.071028	0.526316	0.523974
S	5	0	-1.52055	1.09515	-0	0.046729	0.0884735	0.528169	0.525828
Y	6	0	-2.10756	1.79704	-0	0.0186916	0.071028	0.263158	0.261341
W	7	0	-0.0608328	0.348544	-0	0.11215	0.114019	0.983607	0.983454
N	8	0	-5.21229	10.5144	7.97654	0	0.202492	0	0
M	9	0	-0.72423	0.524633	-0	0.0747664	0.0953271	0.784314	0.782721
M	11	0	-1.71182	1.28904	-0	0.046729	0.0953271	0.490196	0.48785
K	12	0	-0.770915	0.55567	-0	0.0841122	0.107165	0.784884	0.783294
G	13	0	-1.86647	1.46898	-0	0.0186916	0.0623053	0.3	0.298032
A	14	0	-0.533426	0.414616	-0	0.0560748	0.0691589	0.810811	0.809366
G	15	0	-1.86647	1.46898	-0	0.0186916	0.0623053	0.3	0.298032
