#kmer	position	shift	statistics	p-value	corrected.p	frac.obs	frac.exp	obs/exp	local.r
N	8	0	-5.21229	10.5144	7.97654	0	0.202492	0	0
D	8	0	-4.78596	9.01406	6.47624	0	0.176324	0	0
V	8	0	-4.4747	7.97132	5.4335	0	0.157632	0	0
H	8	0	-4.1768	7.01877	4.48095	0	0.140187	0	0
R	8	0	-4.02441	6.54971	4.01189	0	0.131464	0	0
W	8	0	-3.7108	5.62557	3.08775	0	0.114019	0	0
K	8	0	-3.58371	5.26749	2.72967	0	0.107165	0	0
M	8	0	-3.3578	4.6554	2.11758	0	0.0953271	0	0
S	8	0	-3.22266	4.30469	1.76687	0	0.0884735	0	0
Y	8	0	-2.86026	3.42372	0.885902	0	0.071028	0	0
A	8	0	-2.81954	3.33032	0.792496	0	0.0691589	0	0
C	14	0	3.75466	3.27958	0.741764	0.0841122	0.0261682	3.21429	3.28286
G	7	0	3.33299	3.00956	0.471742	0.140187	0.0623053	2.25	2.27685
G	8	0	-2.66639	2.98942	0.451604	0	0.0623053	0	0
S	14	0	3.24535	2.97115	0.433327	0.17757	0.0884735	2.00704	2.02629
S	7	0	3.24535	2.97115	0.433327	0.17757	0.0884735	2.00704	2.02629
A	15	0	3.27676	2.96465	0.426832	0.149533	0.0691589	2.16216	2.18613
Y	14	0	3.16134	2.83951	0.301694	0.149533	0.071028	2.10526	2.12745
M	15	0	2.89692	2.58524	0.0474192	0.17757	0.0953271	1.86275	1.87803
V	7	0	2.68836	2.40605	-0	0.252336	0.157632	1.60079	1.60992
R	7	0	2.55578	2.24383	-0	0.214953	0.131464	1.63507	1.64493
N	14	0	2.48586	2.20206	-0	0.299065	0.202492	1.47692	1.4836
T	8	0	-2.24175	2.13282	-0	0	0.0448598	0	0
U	8	0	-2.24175	2.13282	-0	0	0.0448598	0	0
W	15	0	2.37248	2.04429	-0	0.186916	0.114019	1.63934	1.64929
K	7	0	2.35441	2.02322	-0	0.17757	0.107165	1.65698	1.66731
N	7	0	2.24529	1.94319	-0	0.28972	0.202492	1.43077	1.43661
H	15	0	2.22763	1.90826	-0	0.214953	0.140187	1.53333	1.54109
V	14	0	2.15776	1.84334	-0	0.233645	0.157632	1.48221	1.48899
Y	6	0	-2.10756	1.79704	-0	0.0186916	0.071028	0.263158	0.261341
D	7	0	2.06321	1.75425	-0	0.252336	0.176324	1.4311	1.43694
H	14	0	1.94917	1.64162	-0	0.205607	0.140187	1.46667	1.47315
W	13	0	1.76415	1.47684	-0	0.168224	0.114019	1.47541	1.48206
G	13	0	-1.86647	1.46898	-0	0.0186916	0.0623053	0.3	0.298032
G	15	0	-1.86647	1.46898	-0	0.0186916	0.0623053	0.3	0.298032
K	14	0	1.72935	1.44782	-0	0.158879	0.107165	1.48256	1.48934
H	13	0	1.67072	1.39575	-0	0.196262	0.140187	1.4	1.4053
Y	2	0	1.65594	1.39488	-0	0.11215	0.071028	1.57895	1.58762
M	14	0	1.58014	1.32731	-0	0.140187	0.0953271	1.47059	1.47715
D	10	0	1.55586	1.29764	-0	0.233645	0.176324	1.32509	1.32916
M	11	0	-1.71182	1.28904	-0	0.046729	0.0953271	0.490196	0.48785
T	2	0	1.4945	1.28716	-0	0.0747664	0.0448598	1.66667	1.67722
U	2	0	1.4945	1.28716	-0	0.0747664	0.0448598	1.66667	1.67722
K	15	0	-1.70851	1.28693	-0	0.0560748	0.107165	0.523256	0.520913
N	10	0	1.52359	1.26982	-0	0.261682	0.202492	1.29231	1.29588
C	6	0	-1.69565	1.23222	-0	0	0.0261682	0	0
C	8	0	-1.69565	1.23222	-0	0	0.0261682	0	0
C	1	0	1.3323	1.20366	-0	0.046729	0.0261682	1.78571	1.79905
K	10	0	1.41682	1.19665	-0	0.149533	0.107165	1.39535	1.40057
R	10	0	1.4114	1.18716	-0	0.17757	0.131464	1.35071	1.35519
A	13	0	1.37167	1.17799	-0	0.102804	0.0691589	1.48649	1.49334
A	6	0	1.37167	1.17799	-0	0.102804	0.0691589	1.48649	1.49334
G	10	0	1.33319	1.15453	-0	0.0934579	0.0623053	1.5	1.50711
G	14	0	1.33319	1.15453	-0	0.0934579	0.0623053	1.5	1.50711
V	10	0	1.36186	1.14491	-0	0.205607	0.157632	1.30435	1.3081
Y	1	0	1.27959	1.11027	-0	0.102804	0.071028	1.44737	1.4535
S	13	0	-1.52055	1.09515	-0	0.046729	0.0884735	0.528169	0.525828
S	15	0	-1.52055	1.09515	-0	0.046729	0.0884735	0.528169	0.525828
S	5	0	-1.52055	1.09515	-0	0.046729	0.0884735	0.528169	0.525828
M	13	0	1.25094	1.07773	-0	0.130841	0.0953271	1.37255	1.37739
S	1	0	1.20282	1.04652	-0	0.121495	0.0884735	1.37324	1.37809
S	10	0	1.20282	1.04652	-0	0.121495	0.0884735	1.37324	1.37809
H	11	0	-1.39227	0.996797	-0	0.0934579	0.140187	0.666667	0.664577
R	15	0	1.12531	0.977372	-0	0.168224	0.131464	1.27962	1.28301
R	6	0	1.12531	0.977372	-0	0.168224	0.131464	1.27962	1.28301
K	2	0	1.10428	0.970429	-0	0.140187	0.107165	1.30814	1.31195
K	9	0	1.10428	0.970429	-0	0.140187	0.107165	1.30814	1.31195
T	13	0	1.02747	0.96472	-0	0.0654206	0.0448598	1.45833	1.46467
T	14	0	1.02747	0.96472	-0	0.0654206	0.0448598	1.45833	1.46467
T	9	0	1.02747	0.96472	-0	0.0654206	0.0448598	1.45833	1.46467
U	13	0	1.02747	0.96472	-0	0.0654206	0.0448598	1.45833	1.46467
U	14	0	1.02747	0.96472	-0	0.0654206	0.0448598	1.45833	1.46467
U	9	0	1.02747	0.96472	-0	0.0654206	0.0448598	1.45833	1.46467
V	15	0	1.09657	0.951547	-0	0.196262	0.157632	1.24506	1.24794
Y	4	0	-1.35486	0.935996	-0	0.0373832	0.071028	0.526316	0.523974
V	5	0	-1.29112	0.91855	-0	0.11215	0.157632	0.711462	0.709531
D	14	0	1.04851	0.915202	-0	0.214953	0.176324	1.21908	1.22161
A	11	0	-1.29546	0.884854	-0	0.0373832	0.0691589	0.540541	0.538208
T	6	0	-1.30769	0.864827	-0	0.0186916	0.0448598	0.416667	0.414386
U	6	0	-1.30769	0.864827	-0	0.0186916	0.0448598	0.416667	0.414386
Y	13	0	0.90324	0.858398	-0	0.0934579	0.071028	1.31579	1.31972
C	12	0	0.726709	0.824422	-0	0.0373832	0.0261682	1.42857	1.43437
C	2	0	0.726709	0.824422	-0	0.0373832	0.0261682	1.42857	1.43437
C	7	0	0.726709	0.824422	-0	0.0373832	0.0261682	1.42857	1.43437
W	10	0	0.851659	0.803336	-0	0.140187	0.114019	1.22951	1.23218
N	4	0	-1.12265	0.801723	-0	0.158879	0.202492	0.784615	0.783024
N	5	0	-1.12265	0.801723	-0	0.158879	0.202492	0.784615	0.783024
H	10	0	0.83536	0.784875	-0	0.168224	0.140187	1.2	1.20227
H	2	0	0.83536	0.784875	-0	0.168224	0.140187	1.2	1.20227
H	4	0	-1.11381	0.782602	-0	0.102804	0.140187	0.733333	0.731493
K	1	0	0.79175	0.769501	-0	0.130841	0.107165	1.22093	1.22348
D	15	0	0.794842	0.75181	-0	0.205607	0.176324	1.16608	1.16791
N	1	0	0.801891	0.751654	-0	0.233645	0.202492	1.15385	1.15552
N	15	0	0.801891	0.751654	-0	0.233645	0.202492	1.15385	1.15552
N	2	0	0.801891	0.751654	-0	0.233645	0.202492	1.15385	1.15552
V	11	0	-1.02582	0.727239	-0	0.121495	0.157632	0.770751	0.769088
G	5	0	-1.06656	0.706206	-0	0.0373832	0.0623053	0.6	0.597744
T	1	0	0.560437	0.687653	-0	0.0560748	0.0448598	1.25	1.25296
T	10	0	0.560437	0.687653	-0	0.0560748	0.0448598	1.25	1.25296
U	1	0	0.560437	0.687653	-0	0.0560748	0.0448598	1.25	1.25296
U	10	0	0.560437	0.687653	-0	0.0560748	0.0448598	1.25	1.25296
A	10	0	0.60963	0.686772	-0	0.0841122	0.0691589	1.21622	1.2187
W	11	0	-0.973325	0.679169	-0	0.0841122	0.114019	0.737705	0.735884
M	10	0	0.592552	0.660283	-0	0.11215	0.0953271	1.17647	1.17843
M	12	0	0.592552	0.660283	-0	0.11215	0.0953271	1.17647	1.17843
M	7	0	0.592552	0.660283	-0	0.11215	0.0953271	1.17647	1.17843
G	1	0	0.533278	0.651312	-0	0.0747664	0.0623053	1.2	1.20227
G	11	0	0.533278	0.651312	-0	0.0747664	0.0623053	1.2	1.20227
G	9	0	0.533278	0.651312	-0	0.0747664	0.0623053	1.2	1.20227
N	11	0	-0.88208	0.645587	-0	0.168224	0.202492	0.830769	0.829445
C	11	0	-1.09006	0.64392	-0	0.00934579	0.0261682	0.357143	0.35499
C	4	0	-1.09006	0.64392	-0	0.00934579	0.0261682	0.357143	0.35499
C	5	0	-1.09006	0.64392	-0	0.00934579	0.0261682	0.357143	0.35499
Y	10	0	0.52689	0.640202	-0	0.0841122	0.071028	1.18421	1.18627
Y	9	0	0.52689	0.640202	-0	0.0841122	0.071028	1.18421	1.18627
W	2	0	0.547495	0.627419	-0	0.130841	0.114019	1.14754	1.14914
R	5	0	-0.877359	0.626273	-0	0.102804	0.131464	0.781991	0.780385
S	2	0	0.521979	0.625801	-0	0.102804	0.0884735	1.16197	1.16375
R	14	0	0.553117	0.624366	-0	0.149533	0.131464	1.13744	1.13892
V	1	0	0.56597	0.624221	-0	0.17757	0.157632	1.12648	1.12783
H	1	0	0.556907	0.623818	-0	0.158879	0.140187	1.13333	1.13476
D	2	0	0.541169	0.606821	-0	0.196262	0.176324	1.11307	1.11426
D	9	0	0.541169	0.606821	-0	0.196262	0.176324	1.11307	1.11426
K	11	0	0.479217	0.594071	-0	0.121495	0.107165	1.13372	1.13515
S	4	0	-0.839706	0.584749	-0	0.0654206	0.0884735	0.739437	0.737623
S	6	0	-0.839706	0.584749	-0	0.0654206	0.0884735	0.739437	0.737623
V	4	0	-0.760522	0.566573	-0	0.130841	0.157632	0.83004	0.828711
K	12	0	-0.770915	0.55567	-0	0.0841122	0.107165	0.784884	0.783294
K	13	0	-0.770915	0.55567	-0	0.0841122	0.107165	0.784884	0.783294
K	4	0	-0.770915	0.55567	-0	0.0841122	0.107165	0.784884	0.783294
K	5	0	-0.770915	0.55567	-0	0.0841122	0.107165	0.784884	0.783294
K	6	0	-0.770915	0.55567	-0	0.0841122	0.107165	0.784884	0.783294
D	4	0	-0.727196	0.552541	-0	0.149533	0.176324	0.848057	0.846843
D	5	0	-0.727196	0.552541	-0	0.149533	0.176324	0.848057	0.846843
T	12	0	-0.840656	0.540658	-0	0.0280374	0.0448598	0.625	0.622797
T	4	0	-0.840656	0.540658	-0	0.0280374	0.0448598	0.625	0.622797
U	12	0	-0.840656	0.540658	-0	0.0280374	0.0448598	0.625	0.622797
U	4	0	-0.840656	0.540658	-0	0.0280374	0.0448598	0.625	0.622797
M	3	0	-0.72423	0.524633	-0	0.0747664	0.0953271	0.784314	0.782721
M	4	0	-0.72423	0.524633	-0	0.0747664	0.0953271	0.784314	0.782721
M	5	0	-0.72423	0.524633	-0	0.0747664	0.0953271	0.784314	0.782721
M	9	0	-0.72423	0.524633	-0	0.0747664	0.0953271	0.784314	0.782721
C	10	0	0.121118	0.512219	-0	0.0280374	0.0261682	1.07143	1.07215
C	13	0	0.121118	0.512219	-0	0.0280374	0.0261682	1.07143	1.07215
C	15	0	0.121118	0.512219	-0	0.0280374	0.0261682	1.07143	1.07215
W	4	0	-0.669161	0.504436	-0	0.0934579	0.114019	0.819672	0.81828
A	12	0	0.228611	0.493085	-0	0.0747664	0.0691589	1.08108	1.08191
A	7	0	0.228611	0.493085	-0	0.0747664	0.0691589	1.08108	1.08191
M	1	0	0.263357	0.493055	-0	0.102804	0.0953271	1.07843	1.07923
M	6	0	0.263357	0.493055	-0	0.102804	0.0953271	1.07843	1.07923
N	13	0	0.320756	0.491122	-0	0.214953	0.202492	1.06154	1.06216
N	9	0	0.320756	0.491122	-0	0.214953	0.202492	1.06154	1.06216
V	12	0	0.300671	0.489991	-0	0.168224	0.157632	1.06719	1.06787
V	6	0	0.300671	0.489991	-0	0.168224	0.157632	1.06719	1.06787
H	7	0	0.278453	0.483912	-0	0.149533	0.140187	1.06667	1.06734
D	1	0	0.287496	0.479979	-0	0.186916	0.176324	1.06007	1.06067
D	13	0	0.287496	0.479979	-0	0.186916	0.176324	1.06007	1.06067
D	6	0	0.287496	0.479979	-0	0.186916	0.176324	1.06007	1.06067
W	14	0	0.243331	0.475917	-0	0.121495	0.114019	1.06557	1.06623
W	6	0	0.243331	0.475917	-0	0.121495	0.114019	1.06557	1.06623
W	9	0	0.243331	0.475917	-0	0.121495	0.114019	1.06557	1.06623
R	11	0	-0.591263	0.471667	-0	0.11215	0.131464	0.853081	0.8519
S	12	0	0.181558	0.459234	-0	0.0934579	0.0884735	1.05634	1.0569
S	9	0	0.181558	0.459234	-0	0.0934579	0.0884735	1.05634	1.0569
T	11	0	0.0934062	0.458233	-0	0.046729	0.0448598	1.04167	1.04208
T	3	0	0.0934062	0.458233	-0	0.046729	0.0448598	1.04167	1.04208
T	5	0	0.0934062	0.458233	-0	0.046729	0.0448598	1.04167	1.04208
U	11	0	0.0934062	0.458233	-0	0.046729	0.0448598	1.04167	1.04208
U	3	0	0.0934062	0.458233	-0	0.046729	0.0448598	1.04167	1.04208
U	5	0	0.0934062	0.458233	-0	0.046729	0.0448598	1.04167	1.04208
H	3	0	-0.556907	0.457726	-0	0.121495	0.140187	0.866667	0.865578
H	5	0	-0.556907	0.457726	-0	0.121495	0.140187	0.866667	0.865578
H	6	0	-0.556907	0.457726	-0	0.121495	0.140187	0.866667	0.865578
Y	7	0	0.15054	0.456343	-0	0.0747664	0.071028	1.05263	1.05315
G	2	0	0.133319	0.455822	-0	0.0654206	0.0623053	1.05	1.0505
G	3	0	0.133319	0.455822	-0	0.0654206	0.0623053	1.05	1.0505
G	6	0	0.133319	0.455822	-0	0.0654206	0.0623053	1.05	1.0505
Y	11	0	-0.60216	0.447712	-0	0.0560748	0.071028	0.789474	0.787909
Y	5	0	-0.60216	0.447712	-0	0.0560748	0.071028	0.789474	0.787909
K	3	0	0.166684	0.444127	-0	0.11215	0.107165	1.04651	1.04697
V	3	0	-0.495224	0.433427	-0	0.140187	0.157632	0.889328	0.888401
D	11	0	-0.473523	0.427426	-0	0.158879	0.176324	0.90106	0.90022
D	12	0	-0.473523	0.427426	-0	0.158879	0.176324	0.90106	0.90022
A	1	0	-0.533426	0.414616	-0	0.0560748	0.0691589	0.810811	0.809366
A	14	0	-0.533426	0.414616	-0	0.0560748	0.0691589	0.810811	0.809366
A	2	0	-0.533426	0.414616	-0	0.0560748	0.0691589	0.810811	0.809366
A	3	0	-0.533426	0.414616	-0	0.0560748	0.0691589	0.810811	0.809366
A	9	0	-0.533426	0.414616	-0	0.0560748	0.0691589	0.810811	0.809366
N	3	0	-0.400945	0.39997	-0	0.186916	0.202492	0.923077	0.922408
N	6	0	-0.400945	0.39997	-0	0.186916	0.202492	0.923077	0.922408
V	2	0	0.0353731	0.374941	-0	0.158879	0.157632	1.00791	1.00798
W	12	0	-0.364997	0.365848	-0	0.102804	0.114019	0.901639	0.900803
W	3	0	-0.364997	0.365848	-0	0.102804	0.114019	0.901639	0.900803
H	12	0	0	0.364802	-0	0.140187	0.140187	1	1
H	9	0	0	0.364802	-0	0.140187	0.140187	1	1
R	1	0	-0.019073	0.359548	-0	0.130841	0.131464	0.995261	0.995216
R	12	0	-0.019073	0.359548	-0	0.130841	0.131464	0.995261	0.995216
R	9	0	-0.019073	0.359548	-0	0.130841	0.131464	0.995261	0.995216
M	2	0	-0.0658391	0.353453	-0	0.0934579	0.0953271	0.980392	0.980211
W	1	0	-0.0608328	0.348544	-0	0.11215	0.114019	0.983607	0.983454
W	5	0	-0.0608328	0.348544	-0	0.11215	0.114019	0.983607	0.983454
W	7	0	-0.0608328	0.348544	-0	0.11215	0.114019	0.983607	0.983454
R	13	0	-0.305168	0.347389	-0	0.121495	0.131464	0.924171	0.92351
R	2	0	-0.305168	0.347389	-0	0.121495	0.131464	0.924171	0.92351
R	3	0	-0.305168	0.347389	-0	0.121495	0.131464	0.924171	0.92351
R	4	0	-0.305168	0.347389	-0	0.121495	0.131464	0.924171	0.92351
A	4	0	-0.152408	0.334647	-0	0.0654206	0.0691589	0.945946	0.945464
A	5	0	-0.152408	0.334647	-0	0.0654206	0.0691589	0.945946	0.945464
C	3	0	-0.484472	0.330754	-0	0.0186916	0.0261682	0.714286	0.712366
C	9	0	-0.484472	0.330754	-0	0.0186916	0.0261682	0.714286	0.712366
T	15	0	-0.373625	0.325219	-0	0.0373832	0.0448598	0.833333	0.832025
T	7	0	-0.373625	0.325219	-0	0.0373832	0.0448598	0.833333	0.832025
U	15	0	-0.373625	0.325219	-0	0.0373832	0.0448598	0.833333	0.832025
U	7	0	-0.373625	0.325219	-0	0.0373832	0.0448598	0.833333	0.832025
V	13	0	-0.229925	0.324825	-0	0.149533	0.157632	0.948617	0.948157
V	9	0	-0.229925	0.324825	-0	0.149533	0.157632	0.948617	0.948157
D	3	0	-0.21985	0.324337	-0	0.168224	0.176324	0.954064	0.95365
S	11	0	-0.158863	0.321822	-0	0.0841122	0.0884735	0.950704	0.950262
S	3	0	-0.158863	0.321822	-0	0.0841122	0.0884735	0.950704	0.950262
Y	12	0	-0.22581	0.307006	-0	0.0654206	0.071028	0.921053	0.920367
Y	15	0	-0.22581	0.307006	-0	0.0654206	0.071028	0.921053	0.920367
Y	3	0	-0.22581	0.307006	-0	0.0654206	0.071028	0.921053	0.920367
N	12	0	-0.160378	0.306632	-0	0.196262	0.202492	0.969231	0.96895
G	12	0	-0.266639	0.303528	-0	0.0560748	0.0623053	0.9	0.899152
G	4	0	-0.266639	0.303528	-0	0.0560748	0.0623053	0.9	0.899152
