#kmer	position	shift	statistics	p-value	corrected.p	frac.obs	frac.exp	obs/exp	local.r
CAGA	1	0	4.39648	3.42204	-0	0.0215054	0.00322581	6.66667	5.09091
TAA	2	0	6.72723	6.13793	1.84816	0.0537634	0.00849462	6.32911	6.06383
AA	3	0	4.90415	5.10571	0.815947	0.134409	0.0534946	2.51256	2.52174
A	4	0	4.90872	5.89693	1.60716	0.370968	0.221505	1.67476	1.6297
ATCA	5	0	3.91199	3.09474	-0	0.0215054	0.0038172	5.6338	4
CCAG	6	0	4.08795	3.38769	-0	0.0322581	0.00709677	4.54545	5.16923
ATGC	7	0	4.03347	3.17807	-0	0.0215054	0.00365591	5.88235	6.05405
AGCT	8	0	3.36359	2.70888	-0	0.0215054	0.00467742	4.5977	4.66667
GTCA	9	0	4.10256	3.31921	-0	0.0268817	0.00521505	5.15464	7.56757
TCAT	10	0	4.16586	3.36639	-0	0.0268817	0.00510753	5.26316	4.51613
TTGC	11	0	5.10104	4.03972	-0	0.0268817	0.0038172	7.04225	7.56757
AT	12	0	4.45197	4.45049	0.160725	0.123656	0.0515054	2.40084	2.4036
TACA	13	0	5.4505	4.08619	-0	0.0215054	0.00231183	9.30233	6.58824
CACG	14	0	5.22591	3.95022	-0	0.0215054	0.00247312	8.69565	8.61538
CCTA	15	0	4.652	3.43191	-0	0.016129	0.00177419	9.09091	5.7931
GGCT	16	0	4.16586	3.36639	-0	0.0268817	0.00510753	5.26316	4.82759
TATT	17	0	4.18373	3.16189	-0	0.016129	0.00209677	7.69231	7
GGCT	18	0	4.23098	3.41472	-0	0.0268817	0.005	5.37634	4.82759
CAGT	19	0	4.47463	3.59373	-0	0.0268817	0.00462366	5.81395	4.44444
AGT	20	0	5.3449	4.93137	0.641604	0.0591398	0.0136559	4.33071	4.51079
GT	21	0	4.13786	4.04865	-0	0.123656	0.0546774	2.26155	2.35273
AGGG	22	0	4.36705	3.51506	-0	0.0268817	0.00478495	5.61798	4.59016
GCCA	23	0	3.19143	2.5848	-0	0.0215054	0.005	4.30108	3.44615
GGTT	24	0	4.83054	3.84972	-0	0.0268817	0.00413978	6.49351	9.65517
ACCG	25	0	4.56604	3.38341	-0	0.016129	0.00182796	8.82353	7.63636
CTAT	26	0	4.04937	3.08173	-0	0.016129	0.0022043	7.31707	8
AATA	27	0	3.98553	3.04323	-0	0.016129	0.00225806	7.14286	7.63636
ATA	28	0	5.6276	4.87343	0.583664	0.0430108	0.00747312	5.7554	4.70103
GT	29	0	3.71173	3.50605	-0	0.11828	0.0558065	2.11946	2.24648
ATGG	30	0	5.24837	4.14151	-0	0.0268817	0.00365591	7.35294	5.4902
GCGA	31	0	4.11539	3.12127	-0	0.016129	0.00215054	7.5	10.5
AGAG	32	0	5.24837	4.14151	-0	0.0268817	0.00365591	7.35294	7
GAG	33	0	8.009	8.39174	4.10197	0.0860215	0.0148925	5.77617	4.87701
AG	34	0	6.80361	8.3443	4.05453	0.182796	0.0622581	2.9361	2.78925
G	35	0	6.79519	10.1789	5.88914	0.456989	0.243226	1.87887	1.82165
TGTC	36	0	5.04869	4.14297	-0	0.0322581	0.00532258	6.06061	9.08108
AGAG	37	0	6.71156	5.34216	1.05239	0.0322581	0.00344086	9.375	8.61538
GAGA	38	0	5.08725	3.86478	-0	0.0215054	0.00258065	8.33333	5.89474
GCC	39	0	2.98711	2.54283	-0	0.0483871	0.0187097	2.58621	2.25991
GTGC	40	0	4.58742	3.67557	-0	0.0268817	0.00446237	6.0241	5.28302
CAAT	41	0	3.83478	3.04136	-0	0.0215054	0.00392473	5.47945	7
TGAC	42	0	4.07559	3.20677	-0	0.0215054	0.00360215	5.97015	6.4
CCTT	43	0	3.45565	2.7747	-0	0.0215054	0.00451613	4.7619	4.97778
TATA	44	0	5.2577	3.76029	-0	0.016129	0.00145161	11.1111	6.46154
TTAC	45	0	4.328	3.24662	-0	0.016129	0.00198925	8.10811	8
CATC	46	0	5.04869	4.14297	-0	0.0322581	0.00532258	6.06061	5.25
CAGC	47	0	5.71468	4.94763	0.657861	0.0430108	0.00731183	5.88235	5.14943
TTCG	48	0	7.74083	5.68428	1.39451	0.0268817	0.00193548	13.8889	14
TCG	49	0	5.6488	5.01765	0.727879	0.0483871	0.00908602	5.32544	5.89655
CG	50	0	5.9584	6.35817	2.0684	0.112903	0.033871	3.33333	3.37396
C	51	0	3.5167	3.60109	-0	0.387097	0.272312	1.42152	1.44343
TGCG	52	0	4.328	3.24662	-0	0.016129	0.00198925	8.10811	12
GG	53	0	4.52082	4.65475	0.364986	0.150538	0.0674194	2.23285	2.06879
GAGG	54	0	5.77926	4.68777	0.398	0.0322581	0.00435484	7.40741	4.94118
AGG	55	0	4.53769	4.11544	-0	0.0591398	0.0166129	3.55987	3.05854
CCAT	56	0	4.60383	3.55793	-0	0.0215054	0.00301075	7.14286	4.48
GACG	57	0	8.74521	5.77575	1.48598	0.0215054	0.00102151	21.0526	13.1765
ACG	58	0	4.36878	3.6125	-0	0.0322581	0.00650538	4.95868	4.88571
CG	59	0	2.33901	1.97437	-0	0.0698925	0.0373656	1.8705	2.04336
C	60	0	0.564492	0.587282	-0	0.349462	0.33	1.05898	1.3
AGC	1	0	-2.0373	1.78276	-0	0	0.021828	0	0
GC	2	0	-2.86097	3.07537	-0	0.016129	0.0694624	0.232198	0.228047
CC	3	0	-2.41024	2.21839	-0	0.0268817	0.0727957	0.369276	0.351515
C	4	0	-2.55183	2.26227	-0	0.193548	0.277312	0.697945	0.712991
C	5	0	-2.66105	2.41573	-0	0.182796	0.269355	0.678643	0.672929
CT	6	0	-2.31239	2.04877	-0	0.0376344	0.0848925	0.443319	0.476526
T	7	0	-2.17688	1.7986	-0	0.188172	0.258011	0.729319	0.763401
CT	8	0	-2.84398	2.95462	-0	0.0268817	0.0850538	0.316056	0.339578
TC	9	0	-2.76241	2.84008	-0	0.0215054	0.0747849	0.287563	0.307285
TCT	10	0	-2.12535	1.93831	-0	0	0.0237097	0	0
CTT	11	0	-1.89418	1.54337	-0	0	0.0189247	0	0
TC	12	0	-2.53255	2.41286	-0	0.0268817	0.076129	0.353107	0.384615
C	13	0	-2.19864	1.82022	-0	0.204301	0.276398	0.739156	0.753107
GAG	14	0	-1.7521	1.32233	-0	0	0.0162366	0	0
GCT	15	0	-1.93222	1.60536	-0	0	0.0196774	0	0
TGC	16	0	-1.96428	1.65854	-0	0	0.0203226	0	0
GCC	17	0	-1.85821	1.48584	-0	0	0.0182258	0	0
C	18	0	-2.27234	1.90681	-0	0.204301	0.279032	0.732177	0.753107
AGC	19	0	-1.8442	1.46373	-0	0	0.017957	0	0
TC	20	0	-2.42423	2.24012	-0	0.0268817	0.073172	0.367377	0.384615
C	21	0	-3.01796	2.95025	-0	0.172043	0.270323	0.636436	0.63292
CG	22	0	-2.69699	3.09874	-0	0	0.0376344	0	0
TCA	23	0	-2.05519	1.81385	-0	0	0.0222043	0	0
TGG	24	0	-2.06281	1.82717	-0	0	0.0223656	0	0
CG	25	0	-2.25446	2.08269	-0	0.00537634	0.0362903	0.148148	0.152231
ACA	26	0	-1.80444	1.40184	-0	0	0.0172043	0	0
GC	27	0	-2.01307	1.65269	-0	0.0322581	0.0698925	0.461538	0.457895
C	28	0	-3.17658	3.20482	-0	0.172043	0.276183	0.622932	0.63292
A	29	0	-2.34363	2.00891	-0	0.155914	0.228011	0.683801	0.674153
CG	30	0	-2.26601	2.10231	-0	0.00537634	0.0365591	0.147059	0.152231
GCA	31	0	-1.92952	1.60093	-0	0	0.0196237	0	0
TCT	32	0	-1.75728	1.33914	-0	0.00537634	0.0258065	0.208333	0.247826
CG	33	0	-2.65061	2.99502	-0	0	0.0363978	0	0
G	34	0	-2.56063	2.28981	-0	0.16129	0.241667	0.667408	0.630342
T	35	0	-3.20154	3.27271	-0	0.150538	0.252527	0.596125	0.609145
TT	36	0	-2.31496	2.08901	-0	0.0215054	0.0626344	0.343348	0.356923
CCA	37	0	-1.94028	1.61866	-0	0	0.0198387	0	0
TGT	38	0	-1.683	1.22086	-0	0	0.015	0	0
CCA	39	0	-1.92412	1.59208	-0	0	0.0195161	0	0
CA	40	0	-2.37637	2.15268	-0	0.0322581	0.0793548	0.406504	0.398625
TT	41	0	-2.01457	1.6586	-0	0.0268817	0.0626882	0.428816	0.446841
CAT	42	0	-1.87489	1.51239	-0	0	0.0185484	0	0
AG	43	0	-2.38565	2.19821	-0	0.0215054	0.0644624	0.333611	0.31479
G	44	0	-2.10894	1.72309	-0	0.177419	0.243817	0.727674	0.694118
GTG	45	0	-1.85821	1.48584	-0	0	0.0182258	0	0
GG	46	0	-2.28416	2.02861	-0	0.0268817	0.0694624	0.386997	0.358911
AA	47	0	-3.02913	3.63528	-0	0.00537634	0.0567742	0.094697	0.096828
GG	48	0	-3.1353	3.73917	-0	0.0107527	0.0690323	0.155763	0.143033
TG	49	0	-2.4876	2.34019	-0	0.0268817	0.0748925	0.358938	0.337209
GG	50	0	-3.3946	4.53034	0.24057	0.00537634	0.0680645	0.0789889	0.0714286
T	51	0	-2.64224	2.39573	-0	0.172043	0.256667	0.670297	0.697194
TCA	52	0	-1.98014	1.68515	-0	0	0.0206452	0	0
T	53	0	-2.18147	1.80391	-0	0.188172	0.258172	0.728863	0.763401
TG	54	0	-1.86588	1.47273	-0	0.0430108	0.0801613	0.536553	0.541424
TGC	55	0	-1.96163	1.65411	-0	0	0.0202688	0	0
GT	56	0	-2.05154	1.71271	-0	0.0215054	0.056129	0.383142	0.395904
TTG	57	0	-2.0141	1.74282	-0	0	0.0213441	0	0
CTG	58	0	-1.89232	1.52151	-0	0.00537634	0.0284409	0.189036	0.179811
TC	59	0	-1.81131	1.41143	-0	0.0591398	0.0987634	0.598802	0.852941
T	60	0	-0.586589	0.501225	-0	0.182796	0.2	0.913979	0.741316
