TTT	-1	0	9.18491	13.6181	9.7247	0.0321285	0.0108292	2.96683	1.29344
TTT	0	0	10.0508	15.6536	11.7601	0.0341365	0.0108292	3.15226	1.37572
TTT	1	0	9.40139	14.1157	10.2223	0.0326305	0.0108292	3.01319	1.31399
CT	2	0	8.54956	13.9634	10.0699	0.0732932	0.0370915	1.97601	1.40645
CCA	3	0	8.21019	10.6665	6.77302	0.0205823	0.00617348	3.33399	1.68373
TTT	4	0	7.02009	9.02225	5.12882	0.0271084	0.0108292	2.50326	1.08848
GGG	5	0	5.51948	7.05215	3.15872	0.0893574	0.0599904	1.48953	0.947987
CC	6	0	5.42391	6.56295	2.66952	0.0481928	0.0281071	1.71461	1.17146
GG	7	0	6.88759	10.771	6.87755	0.208835	0.153246	1.36275	1.08554
GNG	8	0	6.079	8.69235	4.79892	0.202309	0.153246	1.32016	1.14366
GGG	9	0	7.87826	12.7051	8.81172	0.101908	0.0599904	1.69873	1.083
GG	10	0	10.8061	16	12.1066	0.240462	0.153246	1.56913	1.25258
GG	11	0	9.00235	16	12.1066	0.225904	0.153246	1.47413	1.1756
GG	12	0	11.1171	16	12.1066	0.242972	0.153246	1.58551	1.26587
G	13	0	8.73125	16	12.1066	0.486948	0.391466	1.24391	1.24776
G	14	0	9.60346	16	12.1066	0.496486	0.391466	1.26827	1.2726
AGG	15	0	10.9265	16	12.1066	0.0778112	0.033659	2.31175	1.8751
G	16	0	9.41983	16	12.1066	0.494478	0.391466	1.26314	1.26737
G	17	0	11.2561	16	12.1066	0.514558	0.391466	1.31444	1.31969
AGG	18	0	14.2808	16	12.1066	0.0913655	0.033659	2.71444	2.21111
G	19	0	12.7709	16	12.1066	0.531124	0.391466	1.35676	1.36291
G	20	0	17.132	16	12.1066	0.578815	0.391466	1.47858	1.4876
AGG	21	0	11.9204	16	12.1066	0.0818273	0.033659	2.43107	1.97436
G	22	0	16.9484	16	12.1066	0.576807	0.391466	1.47345	1.48234
G	23	0	18.0501	16	12.1066	0.588855	0.391466	1.50423	1.51389
AGG	24	0	17.014	16	12.1066	0.10241	0.033659	3.04256	2.48702
G	25	0	20.9421	16	12.1066	0.620482	0.391466	1.58502	1.59685
G	26	0	21.6307	16	12.1066	0.628012	0.391466	1.60426	1.61662
AGG	27	0	9.68417	16	12.1066	0.0727912	0.033659	2.16261	1.75137
G	28	0	21.3094	16	12.1066	0.624498	0.391466	1.59528	1.60739
G	29	0	19.6109	16	12.1066	0.605924	0.391466	1.54783	1.55864
AGG	30	0	18.5048	16	12.1066	0.108434	0.033659	3.22154	2.63832
AGG	31	0	10.9265	16	12.1066	0.0778112	0.033659	2.31175	1.8751
G	32	0	26.9558	16	12.1066	0.686245	0.391466	1.75301	1.76988
G	33	0	23.1456	16	12.1066	0.644578	0.391466	1.64658	1.66016
G	34	0	21.6766	16	12.1066	0.628514	0.391466	1.60554	1.61794
AG	35	0	22.5163	16	12.1066	0.22741	0.085982	2.64485	2.66089
AGG	36	0	26.4557	16	12.1066	0.140562	0.033659	4.17607	3.45513
G	37	0	54.6369	16	12.1066	0.988956	0.391466	2.52629	2.57606
G	38	0	54.1778	16	12.1066	0.983936	0.391466	2.51346	2.56256
A	39	0	9.33421	16	12.1066	0.306225	0.219641	1.39421	1.4012
ANA	40	0	10.0278	16	12.1066	0.0963855	0.0482422	1.99795	1.69037
CT	41	0	9.2609	15.9546	12.0612	0.0763052	0.0370915	2.05722	1.46533
A	42	0	6.35765	9.56958	5.67615	0.278614	0.219641	1.2685	1.27282
CC	43	0	9.89745	16	12.1066	0.064759	0.0281071	2.30401	1.58232
TTT	44	0	7.88602	10.7732	6.8798	0.0291165	0.0108292	2.68869	1.17034
CT	45	0	11.0392	16	12.1066	0.0838353	0.0370915	2.26023	1.61293
CT	46	0	9.85368	16	12.1066	0.0788153	0.0370915	2.12489	1.51447
TNT	47	0	9.29377	16	12.1066	0.0938755	0.0489477	1.91787	1.46406
TTT	48	0	12.6486	16	12.1066	0.0401606	0.0108292	3.70854	1.62362
CC	49	0	10.4397	16	12.1066	0.0667671	0.0281071	2.37545	1.63242
CC	50	0	10.4397	16	12.1066	0.0667671	0.0281071	2.37545	1.63242
CC	51	0	9.76189	16	12.1066	0.064257	0.0281071	2.28615	1.56981
TTT	52	0	12.2156	16	12.1066	0.0391566	0.0108292	3.61582	1.58219
TNT	53	0	10.3322	16	12.1066	0.0988956	0.0489477	2.02043	1.54392
CC	54	0	10.8464	16	12.1066	0.0682731	0.0281071	2.42903	1.67003
TTT	55	0	10.9168	16	12.1066	0.0361446	0.0108292	3.33768	1.45818
TNT	56	0	10.3322	16	12.1066	0.0988956	0.0489477	2.02043	1.54392
AAA	57	0	11.1367	16	12.1066	0.0361446	0.010596	3.41116	1.98781
AA	58	0	9.29582	16	12.1066	0.0928715	0.0482422	1.92511	1.62244
AAA	59	0	10.9178	16	12.1066	0.0356426	0.010596	3.36379	1.9595
AAA	60	0	10.9178	16	12.1066	0.0356426	0.010596	3.36379	1.9595
TNT	61	0	10.9553	16	12.1066	0.101908	0.0489477	2.08197	1.59191
TNT	62	0	10.2284	16	12.1066	0.0983936	0.0489477	2.01018	1.53593
TTT	63	0	10.4838	16	12.1066	0.0351406	0.0108292	3.24497	1.41693
CC	64	0	10.7108	16	12.1066	0.0677711	0.0281071	2.41117	1.65748
CC	65	0	10.4397	16	12.1066	0.0667671	0.0281071	2.37545	1.63242
AAA	66	0	10.4802	16	12.1066	0.0346386	0.010596	3.26903	1.90294
TNT	67	0	11.0591	16	12.1066	0.10241	0.0489477	2.09223	1.59992
AAA	68	0	10.699	16	12.1066	0.0351406	0.010596	3.31641	1.93121
AAA	69	0	10.4802	16	12.1066	0.0346386	0.010596	3.26903	1.90294
AAA	70	0	11.3555	16	12.1066	0.0366466	0.010596	3.45854	2.01614
CC	71	0	11.3886	16	12.1066	0.0702811	0.0281071	2.50047	1.72023
T	72	0	8.86799	16	12.1066	0.303715	0.221241	1.37278	1.37929
AAA	73	0	12.4496	16	12.1066	0.0391566	0.010596	3.69543	2.1581
AA	74	0	10.3415	16	12.1066	0.0978916	0.0482422	2.02917	1.71207
AAA	75	0	13.7626	16	12.1066	0.0421687	0.010596	3.97969	2.32913
AAA	76	0	13.1061	16	12.1066	0.0406627	0.010596	3.83756	2.24353
AA	77	0	8.56388	14.3525	10.4591	0.0893574	0.0482422	1.85227	1.55982
T	78	0	7.19466	11.889	7.99554	0.288153	0.221241	1.30244	1.30744
CG	-1	0	-5.94759	10.341	6.44755	0.0326305	0.06563	0.497189	1.2656
G	0	0	-6.69304	11.1539	7.26046	0.318273	0.391466	0.813029	0.811109
CG	1	0	-5.40472	8.53046	4.63703	0.0356426	0.06563	0.543084	1.3845
CG	2	0	-7.30476	15.9546	12.0612	0.0251004	0.06563	0.382453	0.969908
CG	3	0	-7.30476	15.9546	12.0612	0.0251004	0.06563	0.382453	0.969908
CG	4	0	-7.39524	16	12.1066	0.0245984	0.06563	0.374804	0.950273
CG	5	0	-7.48572	16	12.1066	0.0240964	0.06563	0.367155	0.930649
CG	6	0	-7.21429	15.6536	11.7601	0.0256024	0.06563	0.390102	0.989552
CG	7	0	-6.58094	12.7631	8.86971	0.0291165	0.06563	0.443646	1.12734
CG	8	0	-6.03807	10.6658	6.77241	0.0321285	0.06563	0.48954	1.24582
CG	9	0	-6.58094	12.7631	8.86971	0.0291165	0.06563	0.443646	1.12734
CG	10	0	-7.21429	15.6536	11.7601	0.0256024	0.06563	0.390102	0.989552
CG	11	0	-7.30476	15.9546	12.0612	0.0251004	0.06563	0.382453	0.969908
CG	12	0	-7.21429	15.6536	11.7601	0.0256024	0.06563	0.390102	0.989552
CG	13	0	-7.30476	15.9546	12.0612	0.0251004	0.06563	0.382453	0.969908
CG	14	0	-6.85237	13.9132	10.0198	0.0276104	0.06563	0.420699	1.06823
CG	15	0	-6.12854	10.9976	7.10415	0.0316265	0.06563	0.481891	1.22605
CG	16	0	-6.39998	12.0351	8.14166	0.0301205	0.06563	0.458944	1.16679
CG	17	0	-7.30476	15.9546	12.0612	0.0251004	0.06563	0.382453	0.969908
TA	18	0	-6.23122	11.9051	8.01167	0.0185743	0.0485937	0.382237	0.542992
TA	19	0	-5.606	9.51178	5.61835	0.0215863	0.0485937	0.444221	0.631757
C	20	0	-7.73503	15.9546	12.0612	0.102912	0.167652	0.613841	0.610855
C	21	0	-7.55509	15.1095	11.2161	0.104418	0.167652	0.622824	0.619865
C	22	0	-7.91497	16	12.1066	0.101406	0.167652	0.604858	0.601848
C	23	0	-8.69469	16	12.1066	0.0948795	0.167652	0.565932	0.562839
C	24	0	-8.3948	16	12.1066	0.0973896	0.167652	0.580904	0.577838
C	25	0	-9.95425	16	12.1066	0.0843373	0.167652	0.50305	0.499906
C	26	0	-10.3741	16	12.1066	0.0808233	0.167652	0.48209	0.47895
TA	27	0	-7.27326	16	12.1066	0.0135542	0.0485937	0.27893	0.395493
A	28	0	-8.52513	16	12.1066	0.140562	0.219641	0.639963	0.63706
C	29	0	-8.27484	16	12.1066	0.0983936	0.167652	0.586892	0.583839
AC	30	0	-7.06116	16	12.1066	0.00702811	0.0368232	0.190861	0.204724
ANT	31	0	-7.48167	16	12.1066	0.0125502	0.0485937	0.258268	0.285778
A	32	0	-9.12044	16	12.1066	0.13504	0.219641	0.614822	0.611839
ANC	33	0	-7.06116	16	12.1066	0.00702811	0.0368232	0.190861	0.190056
ANC	34	0	-8.36984	16	12.1066	0.00150602	0.0368232	0.0408987	0.0406475
AC	35	0	-8.48881	16	12.1066	0.00100402	0.0368232	0.0272658	0.0291807
A	36	0	-8.47101	16	12.1066	0.141064	0.219641	0.642249	0.639354
A	37	0	-23.1373	16	12.1066	0.00502008	0.219641	0.0228558	0.0225766
A	38	0	-23.1373	16	12.1066	0.00502008	0.219641	0.0228558	0.0225766
GGG	39	0	-7.31231	16	12.1066	0.0210843	0.0599904	0.351462	0.221598
GGG	40	0	-8.16148	16	12.1066	0.0165663	0.0599904	0.276149	0.174005
CG	41	0	-7.5762	16	12.1066	0.0235944	0.06563	0.359506	0.911034
G	42	0	-10.595	16	12.1066	0.275602	0.391466	0.704027	0.701399
GNG	43	0	-8.28894	16	12.1066	0.0863454	0.153246	0.563445	0.483994
CG	44	0	-7.75716	16	12.1066	0.0225904	0.06563	0.344208	0.871833
G	45	0	-9.99825	16	12.1066	0.282129	0.391466	0.720698	0.718159
CG	46	0	-7.48572	16	12.1066	0.0240964	0.06563	0.367155	0.930649
CG	47	0	-8.57146	16	12.1066	0.0180723	0.06563	0.275366	0.695911
G	48	0	-13.4871	16	12.1066	0.243976	0.391466	0.623237	0.620279
G	49	0	-11.1459	16	12.1066	0.269578	0.391466	0.688638	0.685935
CG	50	0	-8.3905	16	12.1066	0.0190763	0.06563	0.290664	0.734937
CG	51	0	-7.84763	16	12.1066	0.0220884	0.06563	0.336559	0.852247
CG	52	0	-7.39524	16	12.1066	0.0245984	0.06563	0.374804	0.950273
CG	53	0	-7.93811	16	12.1066	0.0215863	0.06563	0.32891	0.832671
CG	54	0	-8.30003	16	12.1066	0.0195783	0.06563	0.298314	0.754464
G	55	0	-12.4312	16	12.1066	0.255522	0.391466	0.652732	0.649875
CG	56	0	-8.48098	16	12.1066	0.0185743	0.06563	0.283015	0.715419
CG	57	0	-8.57146	16	12.1066	0.0180723	0.06563	0.275366	0.695911
CG	58	0	-7.75716	16	12.1066	0.0225904	0.06563	0.344208	0.871833
CG	59	0	-8.75242	16	12.1066	0.0170683	0.06563	0.260068	0.656923
CG	60	0	-7.93811	16	12.1066	0.0215863	0.06563	0.32891	0.832671
CG	61	0	-8.11907	16	12.1066	0.0205823	0.06563	0.313612	0.793548
CG	62	0	-7.75716	16	12.1066	0.0225904	0.06563	0.344208	0.871833
CG	63	0	-7.5762	16	12.1066	0.0235944	0.06563	0.359506	0.911034
CG	64	0	-7.48572	16	12.1066	0.0240964	0.06563	0.367155	0.930649
CG	65	0	-8.3905	16	12.1066	0.0190763	0.06563	0.290664	0.734937
G	66	0	-15.3692	16	12.1066	0.223394	0.391466	0.570659	0.567575
CG	67	0	-8.11907	16	12.1066	0.0205823	0.06563	0.313612	0.793548
CG	68	0	-8.11907	16	12.1066	0.0205823	0.06563	0.313612	0.793548
CG	69	0	-7.5762	16	12.1066	0.0235944	0.06563	0.359506	0.911034
CG	70	0	-7.75716	16	12.1066	0.0225904	0.06563	0.344208	0.871833
CG	71	0	-8.30003	16	12.1066	0.0195783	0.06563	0.298314	0.754464
CG	72	0	-7.39524	16	12.1066	0.0245984	0.06563	0.374804	0.950273
CG	73	0	-8.20955	16	12.1066	0.0200803	0.06563	0.305963	0.774001
CG	74	0	-9.11433	16	12.1066	0.0150602	0.06563	0.229472	0.579065
CG	75	0	-8.30003	16	12.1066	0.0195783	0.06563	0.298314	0.754464
G	76	0	-13.8084	16	12.1066	0.240462	0.391466	0.61426	0.611275
CG	77	0	-7.84763	16	12.1066	0.0220884	0.06563	0.336559	0.852247
G	78	0	-14.8642	16	12.1066	0.228916	0.391466	0.584765	0.581708
