AG	1	0	2.43404	2.12693	-0
TNC	2	0	2.28957	1.9577	-0
GNGA	3	0	1.59945	1.26075	-0
C	4	0	2.0718	1.71801	-0
TNG	5	0	1.82951	1.47287	-0
ANNA	6	0	2.24559	1.9078	-0
GNNC	7	0	1.8213	1.46495	-0
CA	8	0	2.16328	1.81645	-0
AT	9	0	2.25463	1.918	-0
CNNG	10	0	2.29205	1.96053	-0
TNGC	11	0	2.10436	1.75268	-0
TGNA	12	0	2.17197	1.82597	-0
GNA	13	0	2.8008	2.59367	-0
CNC	14	0	2.29332	1.96199	-0
AA	15	0	2.47253	2.17341	-0
ANNT	16	0	2.25077	1.91364	-0
TGA	17	0	1.85675	1.49931	-0
CNNC	18	0	2.04074	1.68533	-0
TNC	19	0	2.78004	2.56581	-0
GGNC	20	0	2.4883	2.19262	-0
CNCT	21	0	2.50514	2.21324	-0
GNCT	22	0	2.4204	2.1106	-0
C	23	0	2.54724	2.26529	-0
AT	24	0	2.11262	1.76154	-0
CCNT	25	0	2.02517	1.66908	-0
CNT	26	0	3.24867	3.23677	-0
ANNC	27	0	1.89886	1.54073	-0
TNNC	28	0	2.8599	2.6739	-0
CAC	29	0	2.76618	2.54732	-0
AA	30	0	2.08496	1.73197	-0
CNT	31	0	3.18766	3.1444	-0
GT	32	0	2.47253	2.17341	-0
TNNC	33	0	2.33546	2.01057	-0
AGNC	34	0	2.30075	1.9705	-0
GGNT	35	0	2.04074	1.68533	-0
TNG	36	0	1.99375	1.63658	-0
GNNA	37	0	2.09325	1.7408	-0
GNA	38	0	2.20087	1.85785	-0
GA	39	0	1.98033	1.62281	-0
CTNC	40	0	2.82592	2.62759	-0
CNT	41	0	2.33463	2.0096	-0
CCNC	42	0	2.27779	1.94425	-0
TNT	43	0	2.37908	2.06159	-0
ATC	44	0	2.12187	1.77149	-0
GTC	45	0	2.09253	1.74004	-0
TNNG	46	0	2.52061	2.23228	-0
CNCC	47	0	2.89329	2.71985	-0
CCNC	48	0	2.06462	1.71042	-0
GT	49	0	1.80623	1.45049	-0
CNC	50	0	2.64425	2.38789	-0
CNNA	51	0	2.26898	1.93425	-0
ANA	52	0	2.62303	2.36076	-0
ANNT	53	0	3.54418	3.70572	-0
TCTC	54	0	2.63987	2.38228	-0
CTC	55	0	3.12783	3.05527	-0
TC	56	0	2.92403	2.76254	-0
CNG	57	0	3.38858	3.45435	-0
TG	58	0	1.8216	1.46524	-0
G	59	0	3.09843	3.012	-0
G	60	0	1.73888	1.38692	-0
GC	1	0	-2.14493	1.79645	-0
AC	2	0	-2.51356	2.2236	-0
CANC	3	0	-2.25252	1.91562	-0
AACC	4	0	-2.93686	2.78047	-0
ACC	5	0	-2.93686	2.78047	-0
CC	6	0	-2.92538	2.76442	-0
CNG	7	0	-2.18335	1.83849	-0
TGT	8	0	-2.52263	2.23477	-0
ANA	9	0	-1.70509	1.35568	-0
GNNT	10	0	-2.33673	2.01204	-0
TAT	11	0	-2.36297	2.04265	-0
ATT	12	0	-2.77917	2.56465	-0
GT	13	0	-2.09139	1.73882	-0
TNNG	14	0	-2.53461	2.2496	-0
ATT	15	0	-2.18915	1.84488	-0
TTNT	16	0	-2.50514	2.21324	-0
GNC	17	0	-2.01823	1.66186	-0
ANNA	18	0	-1.85647	1.49903	-0
CNT	19	0	-2.86215	2.67697	-0
TGC	20	0	-2.29362	1.96233	-0
ANG	21	0	-1.56412	1.22993	-0
TNCT	22	0	-1.88853	1.53051	-0
ANNT	23	0	-2.46839	2.16838	-0
CCT	24	0	-1.84999	1.49272	-0
CT	25	0	-1.67573	1.32887	-0
ANA	26	0	-1.80374	1.44811	-0
CTG	27	0	-2.19286	1.84897	-0
CA	28	0	-1.82593	1.46941	-0
CCT	29	0	-1.53505	1.20491	-0
GNA	30	0	-2.32941	2.00354	-0
AGG	31	0	-2.05031	1.69535	-0
GG	32	0	-2.28688	1.95463	-0
CNNA	33	0	-2.24213	1.90391	-0
CNGC	34	0	-2.62082	2.35794	-0
TNNA	35	0	-1.74207	1.3899	-0
GGC	36	0	-2.25252	1.91562	-0
ANNG	37	0	-2.3797	2.06232	-0
CNG	38	0	-2.59699	2.32769	-0
CNTG	39	0	-2.42936	2.12132	-0
GNGC	40	0	-3.625	3.8402	-0
TG	41	0	-2.7317	2.50164	-0
GNT	42	0	-2.99257	2.85911	-0
CNNT	43	0	-2.36719	2.0476	-0
TCA	44	0	-1.78939	1.43443	-0
CNA	45	0	-2.20555	1.86303	-0
ANCA	46	0	-2.06462	1.71042	-0
CNA	47	0	-1.97715	1.61957	-0
CAT	48	0	-2.22206	1.88142	-0
AT	49	0	-2.56436	2.28665	-0
TGNG	50	0	-1.9961	1.639	-0
GNGG	51	0	-1.75492	1.4019	-0
GGG	52	0	-2.48173	2.18461	-0
GG	53	0	-2.05663	1.702	-0
TNNG	54	0	-1.7652	1.41156	-0
CNG	55	0	-2.74849	2.52381	-0
CNNT	56	0	-2.08556	1.73261	-0
GNAA	57	0	-2.34515	2.02183	-0
TA	58	0	-2.04074	1.68533	-0
AA	59	0	-2.17957	1.83432	-0
A	60	0	-1.25618	0.98078	-0
