CAGT	1	0	4.0108	3.25049	-0	0.0268817	0.00537634	5	5
AGT	2	0	5.39059	4.97727	0.695694	0.0591398	0.0135098	4.37755	4.37755
GT	3	0	4.65216	4.71118	0.429606	0.123656	0.0495968	2.49322	2.49322
ANGG	4	0	4.45094	4.02753	-0	0.0591398	0.0169779	3.48333	3.48333
GACT	5	0	3.29707	2.61092	-0	0.016129	0.00297114	5.42857	5.42857
GGTT	6	0	6.37253	4.87842	0.59684	0.0268817	0.00268817	10	10
ATGT	7	0	5.13015	3.89134	-0	0.0215054	0.00254669	8.44444	8.44444
CTAT	8	0	4.15106	3.14251	-0	0.016129	0.00212224	7.6	7.6
AATA	9	0	4.33985	3.25351	-0	0.016129	0.00198076	8.14286	8.14286
ATA	10	0	5.16785	4.47648	0.194898	0.0430108	0.00840915	5.11475	5.11475
GT	11	0	4.31443	4.25072	-0	0.11828	0.0495968	2.38482	2.38482
ANNG	12	0	5.59517	6.22415	1.94257	0.155914	0.0591398	2.63636	2.63636
CANA	13	0	4.55204	4.12999	-0	0.0591398	0.0165535	3.57265	3.57265
TNAG	14	0	6.04912	5.74526	1.46368	0.0645161	0.0134409	4.8	4.8
GAG	15	0	6.5776	6.74232	2.46074	0.0860215	0.0194376	4.42553	4.42553
AG	16	0	6.14064	7.26337	2.98179	0.182796	0.0688172	2.65625	2.65625
G	17	0	6.18476	8.7721	4.49052	0.456989	0.258458	1.76814	1.76814
TGTC	18	0	5.87674	4.75835	0.47677	0.0322581	0.00424448	7.6	7.6
AGAG	19	0	5.30529	4.33745	0.0558674	0.0322581	0.0049519	6.51429	6.51429
GNCC	20	0	3.96102	3.53237	-0	0.0591398	0.0192417	3.07353	3.07353
CTAA	21	0	2.99962	2.38746	-0	0.0107527	0.00169779	6.33333	6.33333
ACAT	22	0	4.37061	3.40491	-0	0.0215054	0.0032541	6.6087	6.6087
CNTA	23	0	4.76414	4.02874	-0	0.0376344	0.00749859	5.01887	5.01887
TGAC	24	0	4.01599	3.16613	-0	0.0215054	0.00367855	5.84615	5.84615
ACGT	25	0	4.23276	3.04803	-0	0.0107527	0.000990379	10.8571	10.8571
TNNC	26	0	3.69811	3.51673	-0	0.129032	0.0631013	2.04484	2.04484
ANNC	27	0	3.46058	3.1964	-0	0.112903	0.0550368	2.05141	2.05141
CATC	28	0	3.9142	3.24722	-0	0.0322581	0.00749859	4.30189	4.30189
CNNC	29	0	7.18102	9.65759	5.37601	0.252688	0.0969157	2.6073	2.6073
CNNC	30	0	7.18102	9.65759	5.37601	0.252688	0.0969157	2.6073	2.6073
TCG	31	0	5.58166	4.9568	0.675217	0.0483871	0.00923628	5.23881	5.23881
CG	32	0	5.54781	5.81532	1.53374	0.112903	0.0365591	3.08824	3.08824
GCCG	33	0	4.50316	3.49228	-0	0.0215054	0.00311262	6.90909	6.90909
TGCG	34	0	4.33985	3.25351	-0	0.016129	0.00198076	8.14286	8.14286
GG	35	0	3.76082	3.64429	-0	0.150538	0.0770161	1.95462	1.95462
GAGG	36	0	4.22902	3.50099	-0	0.0322581	0.00679117	4.75	4.75
AGG	37	0	3.71141	3.28203	-0	0.0591398	0.0205404	2.87919	2.87919
AAGA	38	0	4.12773	3.24215	-0	0.0215054	0.00353707	6.08	6.08
AGA	39	0	2.64453	2.21541	-0	0.0376344	0.0144748	2.6	2.6
A	40	0	1.81112	1.50453	-0	0.274194	0.21925	1.2506	1.2506
G	41	0	0.657692	0.643213	-0	0.27957	0.258458	1.08168	1.08168
ANC	1	0	-2.6158	2.61422	-0	0.016129	0.0625862	0.257709	0.257709
GNC	2	0	-2.75043	2.8181	-0	0.0215054	0.0744417	0.288889	0.288889
C	3	0	-3.2852	3.38617	-0	0.172043	0.280226	0.613945	0.613945
C	4	0	-2.46888	2.15178	-0	0.198925	0.280226	0.709874	0.709874
CNNG	5	0	-1.84278	1.44692	-0	0.0376344	0.0727221	0.51751	0.51751
GC	6	0	-1.92401	1.54132	-0	0.0376344	0.0747312	0.503597	0.503597
CG	7	0	-2.26601	2.10231	-0	0.00537634	0.0365591	0.147059	0.147059
GNG	8	0	-2.53779	2.44524	-0	0.0215054	0.0685139	0.313883	0.313883
GC	9	0	-2.20285	1.90321	-0	0.0322581	0.0747312	0.431655	0.431655
C	10	0	-3.2852	3.38617	-0	0.172043	0.280226	0.613945	0.613945
A	11	0	-2.08776	1.70329	-0	0.155914	0.21925	0.711124	0.711124
CG	12	0	-2.26601	2.10231	-0	0.00537634	0.0365591	0.147059	0.147059
GNNG	13	0	-2.84646	3.04684	-0	0.016129	0.0690436	0.233607	0.233607
CNG	14	0	-2.53255	2.39417	-0	0.0322581	0.083678	0.385502	0.385502
AG	15	0	-2.25929	1.99244	-0	0.0268817	0.0688172	0.390625	0.390625
G	16	0	-3.02702	2.97506	-0	0.16129	0.258458	0.624049	0.624049
T	17	0	-2.91429	2.80956	-0	0.150538	0.242067	0.621885	0.621885
CNNC	18	0	-2.73283	2.70642	-0	0.0376344	0.0969157	0.388321	0.388321
TNC	19	0	-2.33741	2.10745	-0	0.0268817	0.0708575	0.379377	0.379377
ANNA	20	0	-1.8886	1.50376	-0	0.0215054	0.0523486	0.410811	0.410811
TNT	21	0	-2.2261	1.94482	-0	0.0268817	0.0679625	0.395538	0.395538
CA	22	0	-2.36449	2.13497	-0	0.0322581	0.0790323	0.408163	0.408163
TNT	23	0	-2.51743	2.41123	-0	0.0215054	0.0679625	0.31643	0.31643
TNC	24	0	-2.05165	1.70175	-0	0.0322581	0.0708575	0.455253	0.455253
AG	25	0	-2.54894	2.46399	-0	0.0215054	0.0688172	0.3125	0.3125
G	26	0	-2.52456	2.23346	-0	0.177419	0.258458	0.686454	0.686454
GNNG	27	0	-1.97882	1.60992	-0	0.0322581	0.0690436	0.467213	0.467213
GG	28	0	-2.56451	2.46536	-0	0.0268817	0.0770161	0.34904	0.34904
GG	29	0	-3.11454	3.59919	-0	0.016129	0.0770161	0.209424	0.209424
GG	30	0	-3.38955	4.33936	0.0577796	0.0107527	0.0770161	0.139616	0.139616
GNT	31	0	-2.55366	2.5508	-0	0.0107527	0.0525227	0.204724	0.204724
GG	32	0	-3.66457	5.25588	0.974298	0.00537634	0.0770161	0.069808	0.069808
TNNC	33	0	-3.23783	4.13396	-0	0.00537634	0.0631013	0.0852018	0.0852018
TA	34	0	-1.79006	1.38375	-0	0.0107527	0.0348118	0.30888	0.30888
GT	35	0	-1.76461	1.35665	-0	0.0215054	0.0495968	0.433604	0.433604
TG	36	0	-1.73398	1.32765	-0	0.0430108	0.0768817	0.559441	0.559441
CNTC	37	0	-1.84955	1.46217	-0	0.00537634	0.0275891	0.194872	0.194872
CNC	38	0	-2.1545	1.83719	-0	0.0322581	0.0734767	0.439024	0.439024
TC	39	0	-1.79833	1.39694	-0	0.0376344	0.0716398	0.525328	0.525328
C	40	0	-1.65255	1.25323	-0	0.225806	0.280226	0.805803	0.805803
T	41	0	-1.03127	0.763193	-0	0.209677	0.242067	0.866197	0.866197
