#kmer	position	shift	statistics	p-value	corrected.p	frac.obs	frac.exp	obs/exp	local.r
TNA	-1	0	3.74855	3.57871	-0	0.129032	0.0625	2.06452	2.37088
TNA	0	0	4.9602	5.26917	0.812438	0.150538	0.0625	2.4086	2.78534
CTGG	1	0	5.02332	3.98554	-0	0.0268817	0.00390625	6.88172	2.94737
ANCC	2	0	6.55891	6.50822	2.05149	0.0752688	0.015625	4.8172	4.9
ANCA	3	0	5.37646	5.04744	0.590706	0.0645161	0.015625	4.12903	3.16981
AACC	4	0	6.19879	4.98796	0.53123	0.0322581	0.00390625	8.25806	9.6
ATCA	5	0	3.84784	3.05041	-0	0.0215054	0.00390625	5.50538	4
CCAG	6	0	6.19879	4.98796	0.53123	0.0322581	0.00390625	8.25806	5.16923
CA	7	0	4.65729	4.82034	0.363611	0.145161	0.0625	2.32258	1.83803
ANCA	8	0	3.60278	3.1138	-0	0.0483871	0.015625	3.09677	2.34419
GTCA	9	0	5.02332	3.98554	-0	0.0268817	0.00390625	6.88172	7.56757
TCA	10	0	4.78523	4.3663	-0	0.0591398	0.015625	3.78495	2.79911
CACA	11	0	5.02332	3.98554	-0	0.0268817	0.00390625	6.88172	4.91228
CAGT	12	0	5.02332	3.98554	-0	0.0268817	0.00390625	6.88172	4.44444
CTNG	13	0	4.19401	3.7209	-0	0.0537634	0.015625	3.44086	2.94737
CAC	14	0	3.60278	3.1138	-0	0.0483871	0.015625	3.09677	2.565
TGGG	15	0	5.02332	3.98554	-0	0.0268817	0.00390625	6.88172	3.88889
GGCT	16	0	5.02332	3.98554	-0	0.0268817	0.00390625	6.88172	4.82759
GGCC	17	0	5.02332	3.98554	-0	0.0268817	0.00390625	6.88172	4.91228
GGCT	18	0	5.02332	3.98554	-0	0.0268817	0.00390625	6.88172	4.82759
CAGT	19	0	5.02332	3.98554	-0	0.0268817	0.00390625	6.88172	4.44444
AGT	20	0	4.78523	4.3663	-0	0.0591398	0.015625	3.78495	4.51079
GT	21	0	3.44564	3.20128	-0	0.123656	0.0625	1.97849	2.35273
GGNT	22	0	4.78523	4.3663	-0	0.0591398	0.015625	3.78495	3.89873
CTGC	23	0	3.84784	3.05041	-0	0.0215054	0.00390625	5.50538	2.6988
GGTT	24	0	5.02332	3.98554	-0	0.0268817	0.00390625	6.88172	9.65517
CTCT	25	0	5.02332	3.98554	-0	0.0268817	0.00390625	6.88172	4.44444
TCT	26	0	4.19401	3.7209	-0	0.0537634	0.015625	3.44086	2.57919
CAG	27	0	4.19401	3.7209	-0	0.0537634	0.015625	3.44086	2.02847
ANNG	28	0	5.26311	5.73477	1.27804	0.155914	0.0625	2.49462	2.56556
CANA	29	0	4.78523	4.3663	-0	0.0591398	0.015625	3.78495	3.36612
TNAG	30	0	5.37646	5.04744	0.590706	0.0645161	0.015625	4.12903	4.73239
GNG	31	0	5.56603	6.21677	1.76004	0.16129	0.0625	2.58065	2.51101
GCCC	32	0	6.19879	4.98796	0.53123	0.0322581	0.00390625	8.25806	5.6
GAG	33	0	7.74136	8.08831	3.63158	0.0860215	0.015625	5.50538	4.87701
AG	34	0	6.77768	8.30159	3.84486	0.182796	0.0625	2.92473	2.78925
G	35	0	6.51934	9.53421	5.07748	0.456989	0.25	1.82796	1.82165
TGTC	36	0	6.19879	4.98796	0.53123	0.0322581	0.00390625	8.25806	9.08108
AGAG	37	0	6.19879	4.98796	0.53123	0.0322581	0.00390625	8.25806	8.61538
CTNC	38	0	4.19401	3.7209	-0	0.0537634	0.015625	3.44086	2.1374
CANT	39	0	3.60278	3.1138	-0	0.0483871	0.015625	3.09677	2.53266
CC	40	0	4.35437	4.3887	-0	0.139785	0.0625	2.23656	1.87562
CNNC	41	0	4.05146	3.97467	-0	0.134409	0.0625	2.15054	1.59272
CCTT	42	0	5.02332	3.98554	-0	0.0268817	0.00390625	6.88172	6.36364
GNCT	43	0	4.78523	4.3663	-0	0.0591398	0.015625	3.78495	2.82569
CNNC	44	0	5.26311	5.73477	1.27804	0.155914	0.0625	2.49462	1.856
CNNC	45	0	10.7155	16	11.5433	0.252688	0.0625	4.04301	3.07118
CNNC	46	0	10.7155	16	11.5433	0.252688	0.0625	4.04301	3.07118
CAGC	47	0	8.54974	7.16352	2.70679	0.0430108	0.00390625	11.0108	5.14943
CNNC	48	0	6.17185	7.22848	2.77175	0.172043	0.0625	2.75269	2.05505
TC	49	0	4.9602	5.26917	0.812438	0.150538	0.0625	2.4086	2.22161
C	50	0	5.50334	7.19395	2.73722	0.424731	0.25	1.69892	1.58753
C	51	0	4.318	4.8829	0.426172	0.387097	0.25	1.54839	1.44343
CCNG	52	0	4.19401	3.7209	-0	0.0537634	0.015625	3.44086	2.44541
GG	53	0	4.9602	5.26917	0.812438	0.150538	0.0625	2.4086	2.06879
GAGG	54	0	6.19879	4.98796	0.53123	0.0322581	0.00390625	8.25806	4.94118
AGG	55	0	4.78523	4.3663	-0	0.0591398	0.015625	3.78495	3.05854
GG	56	0	3.44564	3.20128	-0	0.123656	0.0625	1.97849	1.68861
GGCC	57	0	5.02332	3.98554	-0	0.0268817	0.00390625	6.88172	4.91228
GGC	58	0	3.01156	2.54799	-0	0.0430108	0.015625	2.75269	2.09174
CC	59	0	2.83981	2.50403	-0	0.112903	0.0625	1.80645	1.50556
C	60	0	3.13267	3.02862	-0	0.349462	0.25	1.39785	1.3
ANC	-1	0	-2.61262	2.60854	-0	0.016129	0.0625	0.258065	0.256757
GNNA	0	0	-2.30971	2.08103	-0	0.0215054	0.0625	0.344086	0.366612
GG	1	0	-2.30971	2.08103	-0	0.0215054	0.0625	0.344086	0.286774
CG	2	0	-2.61262	2.60854	-0	0.016129	0.0625	0.258065	0.459103
CNT	3	0	-2.30971	2.08103	-0	0.0215054	0.0625	0.344086	0.322489
GNNT	4	0	-2.0068	1.64864	-0	0.0268817	0.0625	0.430108	0.446571
TNNC	5	0	-2.30971	2.08103	-0	0.0215054	0.0625	0.344086	0.345146
CNG	6	0	-2.61262	2.60854	-0	0.016129	0.0625	0.258065	0.204301
T	7	0	-1.94734	1.54498	-0	0.188172	0.25	0.752688	0.763401
CG	8	0	-2.61262	2.60854	-0	0.016129	0.0625	0.258065	0.459103
CG	9	0	-2.30971	2.08103	-0	0.0215054	0.0625	0.344086	0.613757
G	10	0	-2.45534	2.14508	-0	0.172043	0.25	0.688172	0.672844
CNA	11	0	-2.0068	1.64864	-0	0.0268817	0.0625	0.430108	0.491379
AA	12	0	-2.0068	1.64864	-0	0.0268817	0.0625	0.430108	0.487395
CG	13	0	-2.91554	3.25974	-0	0.0107527	0.0625	0.172043	0.305263
ANC	14	0	-1.70389	1.293	-0	0.0322581	0.0625	0.516129	0.515837
ANC	15	0	-1.70389	1.293	-0	0.0322581	0.0625	0.516129	0.515837
AA	16	0	-2.0068	1.64864	-0	0.0268817	0.0625	0.430108	0.487395
ANC	17	0	-2.61262	2.60854	-0	0.016129	0.0625	0.258065	0.256757
TA	18	0	-2.91554	3.25974	-0	0.0107527	0.0625	0.172043	0.2723
CNA	19	0	-2.61262	2.60854	-0	0.016129	0.0625	0.258065	0.293814
CG	20	0	-2.30971	2.08103	-0	0.0215054	0.0625	0.344086	0.613757
CG	21	0	-2.61262	2.60854	-0	0.016129	0.0625	0.258065	0.459103
CG	22	0	-3.52136	5.21334	0.756612	0	0.0625	0	0
CG	23	0	-2.61262	2.60854	-0	0.016129	0.0625	0.258065	0.459103
GNG	24	0	-2.30971	2.08103	-0	0.0215054	0.0625	0.344086	0.322489
CG	25	0	-3.21845	4.08624	-0	0.00537634	0.0625	0.0860215	0.152231
A	26	0	-2.286	1.93067	-0	0.177419	0.25	0.709677	0.76835
A	27	0	-2.45534	2.14508	-0	0.172043	0.25	0.688172	0.744773
C	28	0	-2.45534	2.14508	-0	0.172043	0.25	0.688172	0.63292
A	29	0	-2.96334	2.88038	-0	0.155914	0.25	0.623656	0.674153
CG	30	0	-3.21845	4.08624	-0	0.00537634	0.0625	0.0860215	0.152231
CNA	31	0	-2.61262	2.60854	-0	0.016129	0.0625	0.258065	0.293814
TNNA	32	0	-2.30971	2.08103	-0	0.0215054	0.0625	0.344086	0.349454
CG	33	0	-3.52136	5.21334	0.756612	0	0.0625	0	0
G	34	0	-2.794	2.61943	-0	0.16129	0.25	0.645161	0.630342
TA	35	0	-2.91554	3.25974	-0	0.0107527	0.0625	0.172043	0.2723
AA	36	0	-2.30971	2.08103	-0	0.0215054	0.0625	0.344086	0.389262
AT	37	0	-2.0068	1.64864	-0	0.0268817	0.0625	0.430108	0.506108
ANNA	38	0	-2.61262	2.60854	-0	0.016129	0.0625	0.258065	0.287179
TNG	39	0	-2.30971	2.08103	-0	0.0215054	0.0625	0.344086	0.381271
CG	40	0	-2.91554	3.25974	-0	0.0107527	0.0625	0.172043	0.305263
GNT	41	0	-2.61262	2.60854	-0	0.016129	0.0625	0.258065	0.294828
TA	42	0	-2.61262	2.60854	-0	0.016129	0.0625	0.258065	0.409412
AG	43	0	-2.30971	2.08103	-0	0.0215054	0.0625	0.344086	0.31479
G	44	0	-2.286	1.93067	-0	0.177419	0.25	0.709677	0.694118
ANG	45	0	-2.61262	2.60854	-0	0.016129	0.0625	0.258065	0.278956
ANG	46	0	-3.21845	4.08624	-0	0.00537634	0.0625	0.0860215	0.0926829
AA	47	0	-3.21845	4.08624	-0	0.00537634	0.0625	0.0860215	0.096828
GG	48	0	-2.91554	3.25974	-0	0.0107527	0.0625	0.172043	0.143033
TNNC	49	0	-3.21845	4.08624	-0	0.00537634	0.0625	0.0860215	0.0858896
GG	50	0	-3.21845	4.08624	-0	0.00537634	0.0625	0.0860215	0.0714286
TA	51	0	-2.91554	3.25974	-0	0.0107527	0.0625	0.172043	0.2723
TA	52	0	-2.91554	3.25974	-0	0.0107527	0.0625	0.172043	0.2723
GT	53	0	-2.30971	2.08103	-0	0.0215054	0.0625	0.344086	0.395904
TA	54	0	-2.0068	1.64864	-0	0.0268817	0.0625	0.430108	0.685579
CG	55	0	-2.0068	1.64864	-0	0.0268817	0.0625	0.430108	0.769231
TA	56	0	-2.91554	3.25974	-0	0.0107527	0.0625	0.172043	0.2723
T	57	0	-1.778	1.37276	-0	0.193548	0.25	0.774194	0.785503
GT	58	0	-1.70389	1.293	-0	0.0322581	0.0625	0.516129	0.59589
GT	59	0	-2.30971	2.08103	-0	0.0215054	0.0625	0.344086	0.395904
T	60	0	-2.11667	1.7308	-0	0.182796	0.25	0.731183	0.741316
