TNA	1	0	4.35986	4.35405	-0	0.129032	0.05571	2.31614	2.31614
TNA	2	0	5.63861	6.25026	1.79353	0.150538	0.05571	2.70216	2.70216
AA	3	0	4.78317	4.94118	0.484445	0.134409	0.0546747	2.45833	2.45833
ANCC	4	0	6.3178	6.24306	1.78633	0.0752688	0.016412	4.58621	4.58621
ANCA	5	0	4.11466	3.7272	-0	0.0645161	0.0211281	3.05357	3.05357
CCAG	6	0	4.27427	3.53718	-0	0.0322581	0.00669685	4.8169	4.8169
CACT	7	0	4.064	3.29038	-0	0.0268817	0.00528202	5.08929	5.08929
A	8	0	2.82543	2.61329	-0	0.317204	0.230018	1.37904	1.37904
GTCA	9	0	4.9763	3.9526	-0	0.0268817	0.00396152	6.78571	6.78571
TNAT	10	0	4.05101	3.53488	-0	0.0483871	0.013771	3.5137	3.5137
TTGC	11	0	4.9763	3.9526	-0	0.0268817	0.00396152	6.78571	6.78571
AT	12	0	4.33408	4.29858	-0	0.123656	0.0526699	2.34775	2.34775
TANA	13	0	3.26538	2.74733	-0	0.0376344	0.0117902	3.192	3.192
CAC	14	0	2.87082	2.43684	-0	0.0483871	0.0193734	2.49761	2.49761
CTNG	15	0	3.49852	3.04465	-0	0.0537634	0.0188644	2.85	2.85
GGNT	16	0	3.53319	3.04868	-0	0.0483871	0.0159404	3.0355	3.0355
GGCC	17	0	3.76223	3.06252	-0	0.0268817	0.00584795	4.59677	4.59677
GGNT	18	0	3.53319	3.04868	-0	0.0483871	0.0159404	3.0355	3.0355
TAG	19	0	3.55253	2.9521	-0	0.0322581	0.0084353	3.82418	3.82418
AGT	20	0	5.26867	4.8547	0.397966	0.0591398	0.0139043	4.25333	4.25333
GT	21	0	4.22614	4.16062	-0	0.123656	0.0537634	2.3	2.3
ANGG	22	0	4.42892	4.0052	-0	0.0591398	0.0170723	3.46409	3.46409
ANTG	23	0	2.3003	1.92887	-0	0.0430108	0.0196189	2.19231	2.19231
GGTT	24	0	5.71077	4.45312	-0	0.0268817	0.00320694	8.38235	8.38235
GNNA	25	0	3.20276	2.90203	-0	0.112903	0.0580079	1.94634	1.94634
GCNG	26	0	3.51661	3.06209	-0	0.0537634	0.01877	2.86432	2.86432
GTG	27	0	3.20876	2.74678	-0	0.0483871	0.0175195	2.7619	2.7619
ATA	28	0	4.62285	3.99584	-0	0.0430108	0.00973304	4.41905	4.41905
GT	29	0	3.90105	3.73582	-0	0.11828	0.0537634	2.2	2.2
ANNG	30	0	5.26875	5.74302	1.28629	0.155914	0.062441	2.49698	2.49698
CANA	31	0	4.15585	3.72886	-0	0.0591398	0.0182984	3.23196	3.23196
TNAG	32	0	5.69843	5.38272	0.92599	0.0645161	0.0145256	4.44156	4.44156
GAG	33	0	6.7453	6.93849	2.48176	0.0860215	0.0188172	4.57143	4.57143
AG	34	0	6.26522	7.4646	3.00787	0.182796	0.0675232	2.70715	2.70715
G	35	0	6.34788	9.14087	4.68414	0.456989	0.254301	1.79704	1.79704
TGTC	36	0	6.05176	4.88382	0.427089	0.0322581	0.00405584	7.95349	7.95349
AGAG	37	0	5.87674	4.75835	0.301619	0.0322581	0.00424448	7.6	7.6
GNCC	38	0	4.03749	3.6094	-0	0.0591398	0.0188644	3.135	3.135
ANCC	39	0	2.85516	2.40938	-0	0.0430108	0.016412	2.62069	2.62069
GTGC	40	0	3.95882	3.21141	-0	0.0268817	0.00547067	4.91379	4.91379
CNTA	41	0	4.40952	3.73033	-0	0.0376344	0.00830032	4.53409	4.53409
CCTT	42	0	4.47592	3.59467	-0	0.0268817	0.00462177	5.81633	5.81633
C	43	0	3.09613	2.99207	-0	0.370968	0.270161	1.37313	1.37313
TNNC	44	0	3.82575	3.67421	-0	0.129032	0.0615922	2.09495	2.09495
GNCT	45	0	3.52184	3.09336	-0	0.0591398	0.0215997	2.73799	2.73799
CATC	46	0	4.32037	3.57396	-0	0.0322581	0.00660253	4.88571	4.88571
CNNC	47	0	8.17579	11.5823	7.12556	0.252688	0.0852669	2.9635	2.9635
CNNC	48	0	8.17579	11.5823	7.12556	0.252688	0.0852669	2.9635	2.9635
TCG	49	0	5.73457	5.09514	0.638408	0.0483871	0.00889878	5.4375	5.4375
CG	50	0	5.81054	6.16223	1.7055	0.112903	0.0348095	3.24346	3.24346
C	51	0	3.59152	3.71321	-0	0.387097	0.270161	1.43284	1.43284
GGG	52	0	3.06316	2.62927	-0	0.0537634	0.02132	2.52174	2.52174
GG	53	0	3.98112	3.92939	-0	0.150538	0.0740842	2.03198	2.03198
GAGG	54	0	4.14097	3.43036	-0	0.0322581	0.00697982	4.62162	4.62162
AGG	55	0	3.80858	3.37926	-0	0.0591398	0.0200222	2.9537	2.9537
AANA	56	0	2.81321	2.35882	-0	0.0376344	0.0136767	2.75172	2.75172
GNCG	57	0	4.96754	4.30096	-0	0.0430108	0.00886625	4.85106	4.85106
ACG	58	0	4.11134	3.40653	-0	0.0322581	0.00704486	4.57895	4.57895
CG	59	0	2.61034	2.22806	-0	0.0698925	0.0348095	2.00785	2.00785
C	60	0	2.43563	2.15947	-0	0.349462	0.270161	1.29353	1.29353
G	1	0	-1.7343	1.33033	-0	0.198925	0.254301	0.782241	0.782241
G	2	0	-2.5762	2.30526	-0	0.172043	0.254301	0.676533	0.676533
CC	3	0	-2.51459	2.38365	-0	0.0268817	0.0756333	0.355422	0.355422
C	4	0	-2.35306	2.00781	-0	0.193548	0.270161	0.716418	0.716418
C	5	0	-2.68332	2.44669	-0	0.182796	0.270161	0.676617	0.676617
CT	6	0	-2.06353	1.71283	-0	0.0376344	0.0782759	0.480792	0.480792
TG	7	0	-2.08465	1.73982	-0	0.0376344	0.0788227	0.477457	0.477457
CT	8	0	-2.60949	2.54046	-0	0.0268817	0.0782759	0.343423	0.343423
T	9	0	-2.15794	1.77908	-0	0.177419	0.24552	0.722628	0.722628
G	10	0	-2.5762	2.30526	-0	0.172043	0.254301	0.676533	0.676533
TNC	11	0	-1.92647	1.54597	-0	0.0322581	0.0677605	0.47606	0.47606
TC	12	0	-2.27266	2.01183	-0	0.0268817	0.0691635	0.388669	0.388669
C	13	0	-2.02281	1.62344	-0	0.204301	0.270161	0.756219	0.756219
CNA	14	0	-1.64678	1.22999	-0	0.0268817	0.0542269	0.495727	0.495727
CNNC	15	0	-2.58862	2.48482	-0	0.0322581	0.0852669	0.378319	0.378319
ANC	16	0	-1.6826	1.27038	-0	0.0322581	0.0620133	0.520179	0.520179
ANC	17	0	-1.6826	1.27038	-0	0.0322581	0.0620133	0.520179	0.520179
CNNC	18	0	-2.06352	1.70925	-0	0.0430108	0.0852669	0.504425	0.504425
ANNG	19	0	-2.00436	1.64553	-0	0.0268817	0.062441	0.430514	0.430514
TC	20	0	-2.27266	2.01183	-0	0.0268817	0.0691635	0.388669	0.388669
C	21	0	-3.01357	2.94338	-0	0.172043	0.270161	0.636816	0.636816
C	22	0	-2.18793	1.80902	-0	0.198925	0.270161	0.736318	0.736318
TNNA	23	0	-1.93738	1.56148	-0	0.0268817	0.0608376	0.44186	0.44186
GC	24	0	-1.72166	1.31348	-0	0.0376344	0.0698013	0.539165	0.539165
AG	25	0	-2.20892	1.92047	-0	0.0268817	0.0675232	0.398111	0.398111
GNC	26	0	-2.33245	2.10003	-0	0.0268817	0.0707267	0.380079	0.380079
GC	27	0	-2.00941	1.64808	-0	0.0322581	0.0698013	0.462141	0.462141
C	28	0	-3.01357	2.94338	-0	0.172043	0.270161	0.636816	0.636816
A	29	0	-2.40147	2.08233	-0	0.155914	0.230018	0.677834	0.677834
G	30	0	-2.07106	1.67872	-0	0.188172	0.254301	0.739958	0.739958
A	31	0	-1.87878	1.47518	-0	0.172043	0.230018	0.747955	0.747955
CNG	32	0	-2.32121	2.07123	-0	0.0322581	0.0778643	0.414286	0.414286
AG	33	0	-2.20892	1.92047	-0	0.0268817	0.0675232	0.398111	0.398111
G	34	0	-2.91295	2.79765	-0	0.16129	0.254301	0.634249	0.634249
T	35	0	-3.00975	2.95891	-0	0.150538	0.24552	0.613139	0.613139
CNNC	36	0	-2.32607	2.06837	-0	0.0376344	0.0852669	0.441372	0.441372
TNC	37	0	-2.21821	1.93361	-0	0.0268817	0.0677605	0.396717	0.396717
ANA	38	0	-1.77615	1.37099	-0	0.0268817	0.0571005	0.470779	0.470779
TNT	39	0	-2.22545	1.94389	-0	0.0268817	0.0679459	0.395634	0.395634
CA	40	0	-2.40363	2.19366	-0	0.0322581	0.0800984	0.40273	0.40273
AG	41	0	-1.91671	1.53424	-0	0.0322581	0.0675232	0.477733	0.477733
TNC	42	0	-1.92647	1.54597	-0	0.0322581	0.0677605	0.47606	0.47606
ANNG	43	0	-2.00436	1.64553	-0	0.0268817	0.062441	0.430514	0.430514
G	44	0	-2.40782	2.08195	-0	0.177419	0.254301	0.697674	0.697674
GNNG	45	0	-1.8977	1.51155	-0	0.0322581	0.0670628	0.481013	0.481013
GG	46	0	-2.45795	2.29302	-0	0.0268817	0.0740842	0.362854	0.362854
ANNG	47	0	-2.00436	1.64553	-0	0.0268817	0.062441	0.430514	0.430514
G	48	0	-2.5762	2.30526	-0	0.172043	0.254301	0.676533	0.676533
TG	49	0	-2.62887	2.57324	-0	0.0268817	0.0788227	0.34104	0.34104
G	50	0	-3.41809	3.65831	-0	0.145161	0.254301	0.570825	0.570825
T	51	0	-2.3283	1.98417	-0	0.172043	0.24552	0.70073	0.70073
ANA	52	0	-1.77615	1.37099	-0	0.0268817	0.0571005	0.470779	0.470779
T	53	0	-1.81721	1.4117	-0	0.188172	0.24552	0.766423	0.766423
TG	54	0	-1.81254	1.41284	-0	0.0430108	0.0788227	0.545665	0.545665
TG	55	0	-1.81254	1.41284	-0	0.0430108	0.0788227	0.545665	0.545665
CNC	56	0	-2.04275	1.69035	-0	0.0322581	0.070634	0.456693	0.456693
TNNG	57	0	-1.85693	1.46435	-0	0.0268817	0.0589511	0.456	0.456
TNT	58	0	-1.64271	1.23114	-0	0.0376344	0.0679459	0.553888	0.553888
CA	59	0	-1.59327	1.18591	-0	0.0483871	0.0800984	0.604096	0.604096
T	60	0	-1.98757	1.58842	-0	0.182796	0.24552	0.744526	0.744526
