#kmer	position	shift	statistics	p-value	corrected.p	n1	mean1	std1	n2	mean2	std2
GCTG	1	0	1.63913	1.19151	-0	12	0.18104	0.281245	201	0.0470366	0.135903
CTG	2	0	1.63913	1.19151	-0	12	0.18104	0.281245	201	0.0470366	0.135903
TG	3	0	1.63913	1.19151	-0	12	0.18104	0.281245	201	0.0470366	0.135903
GCNC	4	0	1.63913	1.19151	-0	12	0.18104	0.281245	201	0.0470366	0.135903
CNCC	5	0	1.63913	1.19151	-0	12	0.18104	0.281245	201	0.0470366	0.135903
TCCT	6	0	1.63913	1.19151	-0	12	0.18104	0.281245	201	0.0470366	0.135903
CCNT	7	0	1.63913	1.19151	-0	12	0.18104	0.281245	201	0.0470366	0.135903
CNT	8	0	1.87247	1.44903	-0	28	0.130008	0.240234	185	0.0431708	0.128728
TNTC	9	0	1.58271	1.17102	-0	15	0.153608	0.257933	198	0.0470845	0.136862
T	10	0	1.87704	1.50089	-0	93	0.078652	0.20851	120	0.035935	0.0777828
TNNC	11	0	2.27917	1.87326	-0	44	0.113381	0.205355	169	0.0392787	0.129124
C	12	0	1.68059	1.3209	-0	90	0.0769327	0.203505	123	0.0382349	0.0928257
CCA	13	0	1.63913	1.19151	-0	12	0.18104	0.281245	201	0.0470366	0.135903
C	14	0	1.72904	1.36785	-0	84	0.0772865	0.162864	129	0.0398044	0.141021
AG	15	0	1.63913	1.19151	-0	12	0.18104	0.281245	201	0.0470366	0.135903
GT	16	0	1.63913	1.19151	-0	12	0.18104	0.281245	201	0.0470366	0.135903
TNNG	17	0	1.63913	1.19151	-0	12	0.18104	0.281245	201	0.0470366	0.135903
TNG	18	0	1.63913	1.19151	-0	12	0.18104	0.281245	201	0.0470366	0.135903
TG	19	0	1.63913	1.19151	-0	12	0.18104	0.281245	201	0.0470366	0.135903
G	20	0	1.58233	1.2044	-0	28	0.139239	0.323798	185	0.0417737	0.0958114
ATNT	21	0	1.63913	1.19151	-0	12	0.18104	0.281245	201	0.0470366	0.135903
TT	22	0	1.58318	1.22554	-0	52	0.096702	0.247561	161	0.0409834	0.0983093
T	23	0	1.70808	1.34425	-0	88	0.0782981	0.210353	125	0.0378928	0.0842279
T	24	0	1.33043	1.03426	-0	102	0.0689106	0.152068	111	0.0414231	0.149053
CAAT	25	0	1.63913	1.19151	-0	12	0.18104	0.281245	201	0.0470366	0.135903
AATA	26	0	1.63913	1.19151	-0	12	0.18104	0.281245	201	0.0470366	0.135903
ATA	27	0	1.63913	1.19151	-0	12	0.18104	0.281245	201	0.0470366	0.135903
TA	28	0	1.63913	1.19151	-0	12	0.18104	0.281245	201	0.0470366	0.135903
AAAT	29	0	1.63913	1.19151	-0	12	0.18104	0.281245	201	0.0470366	0.135903
AAT	30	0	1.58233	1.2044	-0	28	0.139239	0.323798	185	0.0417737	0.0958114
A	31	0	1.9527	1.57646	-0	102	0.0761479	0.2008	111	0.0347725	0.0771826
TNA	32	0	1.19039	0.921156	-0	45	0.0920678	0.262755	168	0.0445463	0.0999398
CAAA	33	0	1.63913	1.19151	-0	12	0.18104	0.281245	201	0.0470366	0.135903
AAAA	34	0	1.92209	1.46336	-0	20	0.15123	0.244388	193	0.0445711	0.133976
AAA	35	0	1.86902	1.47966	-0	50	0.097061	0.197012	163	0.041557	0.131214
AA	36	0	2.10703	1.73813	-0	91	0.0802194	0.164107	122	0.0354661	0.137597
ANAC	37	0	1.68888	1.23822	-0	13	0.149048	0.211603	200	0.0484461	0.14421
GAT	38	0	4.35927	4.56875	-0	2	0.10258	0.0053574	211	0.0541312	0.151771
ANNT	39	0	1.48628	1.13659	-0	29	0.0962015	0.16438	184	0.0480271	0.147869
TNT	40	0	1.75698	1.15935	-0	6	0.269607	0.307547	207	0.0483536	0.139218
CTTA	41	0	8.77914	2.61849	-0	2	0.19973	0.018452	211	0.0532103	0.151168
TTAA	42	0	2.30174	1.17754	-0	3	0.15064	0.0710402	210	0.0532139	0.151528
GANA	43	0	3.14136	2.05016	-0	2	0.0961626	0.0117744	211	0.054192	0.151785
GANA	44	0	62.846	8.49396	3.80711	2	0.807836	0.011212	211	0.0474463	0.132764
ATCG	45	0	1.6529	0.924473	-0	3	0.23291	0.188695	210	0.0520386	0.148987
GAC	46	0	6.48701	1.3278	-0	2	0.663339	0.133285	211	0.0488159	0.139077
CTTC	47	0	2.19714	1.83045	-0	2	0.0779128	0.00335135	211	0.054365	0.151827
CNNA	48	0	1.8733	1.42759	-0	22	0.175959	0.337115	191	0.0406059	0.102413
GGAC	49	0	4.19595	3.36261	-0	2	0.105072	0.00876075	211	0.0541075	0.151761
CA	50	0	2.92427	2.42282	-0	24	0.23356	0.336632	189	0.0318592	0.0822586
A	51	0	3.28867	3.11745	-0	72	0.11556	0.233559	141	0.0234507	0.0614824
TNNT	52	0	2.28977	1.51291	-0	7	0.310173	0.304345	206	0.0459011	0.134809
AC	53	0	1.34795	0.995978	-0	13	0.154733	0.283183	200	0.0480766	0.135713
CTNA	54	0	1.68208	1.02093	-0	4	0.342433	0.348271	209	0.0490771	0.139067
AT	55	0	1.92675	1.29168	-0	7	0.414847	0.511169	206	0.0423442	0.100882
T	56	0	1.56759	1.19808	-0	32	0.126028	0.3005	181	0.0419555	0.0992552
GAT	57	0	1.99739	1.03804	-0	3	0.435047	0.334217	210	0.0491509	0.139547
A	58	0	1.83397	1.44832	-0	51	0.0953317	0.195069	162	0.0417588	0.131772
GG	59	0	1.71478	1.31723	-0	31	0.135095	0.3032	182	0.040873	0.0988938
GNT	60	0	2.00267	1.50669	-0	17	0.22835	0.387776	196	0.0395148	0.0945138
G	61	0	1.81217	1.42992	-0	61	0.0942422	0.231272	152	0.0386715	0.098269
TG	62	0	1.45938	1.08946	-0	17	0.134295	0.241308	196	0.0476725	0.138462
GNNT	63	0	1.3424	1.01669	-0	22	0.110359	0.211982	191	0.048162	0.141051
A	64	0	1.40329	1.07784	-0	44	0.0993105	0.261345	169	0.0429419	0.101724
TTNT	65	0	1.71925	1.03641	-0	4	0.5284	0.561518	209	0.0455179	0.113419
TNNT	66	0	1.45566	1.11569	-0	39	0.107736	0.27499	174	0.0426732	0.101169
GNGC	67	0	1.36503	0.990142	-0	10	0.168799	0.275884	203	0.0489598	0.139791
TNNA	68	0	1.7117	1.31794	-0	30	0.111171	0.203138	183	0.0453099	0.138595
TT	69	0	1.4659	1.09754	-0	18	0.128663	0.230313	195	0.0477482	0.139638
CANC	70	0	1.323	0.969717	-0	11	0.15602	0.266131	202	0.0490625	0.140129
A	71	0	1.59677	1.2271	-0	33	0.102628	0.195584	180	0.0457783	0.139691
A	72	0	1.36742	1.03893	-0	27	0.12809	0.317437	186	0.0439162	0.103102
CC	73	0	1.36503	0.990142	-0	10	0.168799	0.275884	203	0.0489598	0.139791
CTNC	74	0	1.36503	0.990142	-0	10	0.168799	0.275884	203	0.0489598	0.139791
TNCA	75	0	1.57923	1.16297	-0	14	0.159431	0.263392	199	0.0472101	0.136889
TC	76	0	1.74095	1.3365	-0	28	0.124985	0.241195	185	0.0439312	0.128952
CA	77	0	1.9512	1.46113	-0	16	0.173194	0.260109	197	0.0449529	0.134033
A	78	0	1.82388	1.37741	-0	19	0.149378	0.245117	194	0.0453023	0.135005
G	79	0	1.60271	1.24803	-0	66	0.0857273	0.217412	147	0.0406043	0.106026
GG	80	0	2.2968	1.85921	-0	33	0.135686	0.234008	180	0.0397178	0.124745
GNNT	81	0	2.03482	1.63363	-0	55	0.108158	0.259179	158	0.0359376	0.0778501
TCNG	82	0	1.36503	0.990142	-0	10	0.168799	0.275884	203	0.0489598	0.139791
CTNG	83	0	1.43585	1.07591	-0	18	0.124598	0.221864	195	0.0481234	0.141105
TGNG	84	0	1.92988	1.47795	-0	22	0.15353	0.264684	191	0.0431894	0.127059
GNG	85	0	1.831	1.40171	-0	24	0.141066	0.256766	189	0.0436045	0.127665
CNNC	86	0	1.59717	1.18856	-0	17	0.192166	0.384823	196	0.0426531	0.100958
GNT	87	0	1.65259	1.20941	-0	13	0.171554	0.269545	200	0.0469832	0.136584
TC	88	0	1.13711	0.883127	-0	41	0.0929476	0.262361	172	0.0454418	0.106968
TNGC	89	0	1.36503	0.990142	-0	10	0.168799	0.275884	203	0.0489598	0.139791
TNC	90	0	1.62087	1.19346	-0	14	0.159642	0.256992	199	0.0471952	0.13773
TNNT	91	0	1.32741	1.00058	-0	20	0.144308	0.331596	193	0.0452885	0.113543
CNT	92	0	1.3972	1.06965	-0	33	0.0962364	0.19348	180	0.0469502	0.14067
GNC	93	0	1.61601	1.22587	-0	25	0.151856	0.339187	188	0.0416513	0.0956712
TNNG	94	0	2.17434	1.75952	-0	46	0.126562	0.283884	167	0.0347604	0.071505
CT	95	0	1.61601	1.22587	-0	25	0.151856	0.339187	188	0.0416513	0.0956712
TG	96	0	1.66404	1.26851	-0	27	0.144234	0.318275	186	0.0415726	0.100573
G	97	0	2.60028	2.27906	-0	98	0.0851035	0.205026	115	0.02858	0.0707977
G	98	0	1.56395	1.22013	-0	88	0.0758022	0.199146	125	0.03965	0.102273
G	99	0	1.18027	0.919166	-0	73	0.0748316	0.208881	140	0.0440295	0.108045
G	100	0	0.91391	0.741281	-0	60	0.0699093	0.154774	153	0.048577	0.149247
TNT	1	0	-5.00078	6.21829	1.53144	5	0.00277856	0.00144787	208	0.0558315	0.152719
TNCC	2	0	-5.00078	6.21829	1.53144	5	0.00277856	0.00144787	208	0.0558315	0.152719
TCCC	3	0	-5.00078	6.21829	1.53144	5	0.00277856	0.00144787	208	0.0558315	0.152719
CCC	4	0	-5.00078	6.21829	1.53144	5	0.00277856	0.00144787	208	0.0558315	0.152719
TNNG	5	0	-4.99407	6.2047	1.51785	2	0.00257402	0.00166327	211	0.0550791	0.151759
CAGT	6	0	-5.00078	6.21829	1.53144	5	0.00277856	0.00144787	208	0.0558315	0.152719
AGT	7	0	-5.00078	6.21829	1.53144	5	0.00277856	0.00144787	208	0.0558315	0.152719
GNNT	8	0	-5.01154	6.23659	1.54973	7	0.00272012	0.00151537	206	0.0563485	0.153368
TNNG	9	0	-5.00078	6.21829	1.53144	5	0.00277856	0.00144787	208	0.0558315	0.152719
TNG	10	0	-5.00078	6.21829	1.53144	5	0.00277856	0.00144787	208	0.0558315	0.152719
TGA	11	0	-5.00078	6.21829	1.53144	5	0.00277856	0.00144787	208	0.0558315	0.152719
GA	12	0	-5.00078	6.21829	1.53144	5	0.00277856	0.00144787	208	0.0558315	0.152719
AT	13	0	-5.00078	6.21829	1.53144	5	0.00277856	0.00144787	208	0.0558315	0.152719
AA	14	0	-4.99407	6.2047	1.51785	2	0.00257402	0.00166327	211	0.0550791	0.151759
ANNA	15	0	-5.02738	6.27522	1.58837	3	0.00242223	0.00137492	210	0.0553313	0.152076
TNAA	16	0	-5.01154	6.23659	1.54973	7	0.00272012	0.00151537	206	0.0563485	0.153368
CAA	17	0	-5.00078	6.21829	1.53144	5	0.00277856	0.00144787	208	0.0558315	0.152719
AA	18	0	-5.02197	6.25569	1.56884	8	0.00264493	0.00143139	205	0.0566131	0.153694
ATNA	19	0	-5.01154	6.23659	1.54973	7	0.00272012	0.00151537	206	0.0563485	0.153368
TA	20	0	-5.00078	6.21829	1.53144	5	0.00277856	0.00144787	208	0.0558315	0.152719
AAAT	21	0	-5.00078	6.21829	1.53144	5	0.00277856	0.00144787	208	0.0558315	0.152719
AATC	22	0	-5.00078	6.21829	1.53144	5	0.00277856	0.00144787	208	0.0558315	0.152719
ANCA	23	0	-5.00078	6.21829	1.53144	5	0.00277856	0.00144787	208	0.0558315	0.152719
AANC	24	0	-4.78205	5.78714	1.10029	5	0.00491726	0.00220602	208	0.0557801	0.152736
CAAA	25	0	-5.00078	6.21829	1.53144	5	0.00277856	0.00144787	208	0.0558315	0.152719
AAAA	26	0	-5.00078	6.21829	1.53144	5	0.00277856	0.00144787	208	0.0558315	0.152719
ANAC	27	0	-5.01493	6.2493	1.56245	4	0.00254174	0.00172162	209	0.0555822	0.152395
AAC	28	0	-4.9568	6.13372	1.44687	3	0.0030854	0.00166423	210	0.0553218	0.152079
ACGC	29	0	-5.12855	6.4809	1.79405	2	0.00147163	0.000560887	211	0.0550895	0.151755
ACNC	30	0	-5.10463	6.43139	1.74454	2	0.00174725	0.000285265	211	0.0550869	0.151756
GCNT	31	0	-5.12855	6.4809	1.79405	2	0.00147163	0.000560887	211	0.0550895	0.151755
CCT	32	0	-5.15895	6.54274	1.85589	2	0.00118637	0.000275621	211	0.0550922	0.151754
CTT	33	0	-5.1052	6.43142	1.74457	3	0.00173867	0.000593584	210	0.0553411	0.152072
ACNC	34	0	-5.01405	6.24875	1.5619	2	0.00255249	0.0010905	211	0.0550793	0.151759
TNAC	35	0	-5.12855	6.4809	1.79405	2	0.00147163	0.000560887	211	0.0550895	0.151755
CNCT	36	0	-5.10463	6.43139	1.74454	2	0.00174725	0.000285265	211	0.0550869	0.151756
CTNA	37	0	-5.09101	6.40378	1.71693	2	0.0018793	0.000393425	211	0.0550857	0.151757
CNCT	38	0	-5.10463	6.43139	1.74454	2	0.00174725	0.000285265	211	0.0550869	0.151756
GTC	39	0	-5.04524	6.3111	1.62424	2	0.00233538	0.000546465	211	0.0550814	0.151758
CTNG	40	0	-5.10463	6.43139	1.74454	2	0.00174725	0.000285265	211	0.0550869	0.151756
TGGT	41	0	-5.0662	6.35293	1.66607	2	0.00215263	0.000120105	211	0.0550831	0.151757
TNCC	42	0	-5.07799	6.37685	1.68999	2	0.00203252	0	211	0.0550842	0.151757
GCCT	43	0	-5.11541	6.45329	1.76644	2	0.00164174	0.00017975	211	0.0550879	0.151756
ACGG	44	0	-5.04993	6.31852	1.63167	3	0.00233127	0.000283385	210	0.0553326	0.152075
TNTA	45	0	-5.14899	6.52242	1.83557	2	0.00128182	0.000371072	211	0.0550913	0.151755
CCC	46	0	-5.11499	6.4509	1.76405	3	0.00166013	0.0002635	210	0.0553422	0.152072
GATT	47	0	-5.17904	6.58462	1.89777	2	0.000956627	0.000505363	211	0.0550944	0.151753
CTA	48	0	-5.10245	6.42696	1.74011	2	0.00176834	0.00030635	211	0.0550867	0.151756
GGG	49	0	-5.10106	6.42392	1.73707	2	0.0017917	0.000138805	211	0.0550865	0.151756
CTNA	50	0	-5.11541	6.45329	1.76644	2	0.00164174	0.00017975	211	0.0550879	0.151756
CAC	51	0	-5.09287	6.40758	1.72073	2	0.00185966	0.000397675	211	0.0550859	0.151756
GANA	52	0	-5.00786	6.23584	1.54899	2	0.00270403	0.000671505	211	0.0550779	0.151759
ANAC	53	0	-5.03009	6.28115	1.5943	2	0.00241876	0.00095677	211	0.0550806	0.151758
ANGT	54	0	-5.14899	6.52242	1.83557	2	0.00128182	0.000371072	211	0.0550913	0.151755
ACG	55	0	-5.05624	6.33266	1.64581	2	0.00225734	0	211	0.0550821	0.151758
CNAC	56	0	-5.08837	6.39668	1.70983	3	0.00193134	0.000340154	210	0.0553383	0.152073
GAC	57	0	-5.07677	6.3745	1.68765	2	0.00203941	0.000217925	211	0.0550842	0.151757
AGNT	58	0	-5.06422	6.34948	1.66263	2	0.0021457	0.000492815	211	0.0550832	0.151757
CAC	59	0	-5.10988	6.44203	1.75518	2	0.00169624	0.000234255	211	0.0550874	0.151756
TANA	60	0	-5.02182	6.26411	1.57726	2	0.00255009	0.0007286	211	0.0550793	0.151759
CNAA	61	0	-5.11639	6.45529	1.76844	2	0.00163121	0.000190285	211	0.055088	0.151756
ATCA	62	0	-4.99665	6.21359	1.52674	2	0.00278675	0.000856245	211	0.0550771	0.151759
ACNC	63	0	-4.9675	6.15365	1.4668	2	0.00292397	0.00146198	211	0.0550758	0.15176
CNCA	64	0	-5.04189	6.30491	1.61806	2	0.00231829	0.000856305	211	0.0550815	0.151758
GNCA	65	0	-5.10106	6.42392	1.73707	2	0.0017917	0.000138805	211	0.0550865	0.151756
ACA	66	0	-4.80218	5.81067	1.12382	2	0.00431603	0.00224134	211	0.0550626	0.151764
CAA	67	0	-4.76081	5.74648	1.05963	6	0.00498933	0.00322209	207	0.0560237	0.153064
AA	68	0	-4.76081	5.74648	1.05963	6	0.00498933	0.00322209	207	0.0560237	0.153064
AGG	69	0	-4.76081	5.74648	1.05963	6	0.00498933	0.00322209	207	0.0560237	0.153064
CG	70	0	-5.0931	6.40763	1.72078	2	0.001876	5.4505e-05	211	0.0550857	0.151756
CAA	71	0	-4.88725	5.98948	1.30263	2	0.00362813	0.00180664	211	0.0550691	0.151762
AAG	72	0	-4.88725	5.98948	1.30263	2	0.00362813	0.00180664	211	0.0550691	0.151762
AGG	73	0	-4.88725	5.98948	1.30263	2	0.00362813	0.00180664	211	0.0550691	0.151762
GGGT	74	0	-4.88725	5.98948	1.30263	2	0.00362813	0.00180664	211	0.0550691	0.151762
GGNG	75	0	-4.88725	5.98948	1.30263	2	0.00362813	0.00180664	211	0.0550691	0.151762
GTG	76	0	-4.88725	5.98948	1.30263	2	0.00362813	0.00180664	211	0.0550691	0.151762
TGC	77	0	-4.88725	5.98948	1.30263	2	0.00362813	0.00180664	211	0.0550691	0.151762
GCA	78	0	-4.88725	5.98948	1.30263	2	0.00362813	0.00180664	211	0.0550691	0.151762
CANC	79	0	-4.88725	5.98948	1.30263	2	0.00362813	0.00180664	211	0.0550691	0.151762
ANC	80	0	-4.88725	5.98948	1.30263	2	0.00362813	0.00180664	211	0.0550691	0.151762
TCC	81	0	-4.88725	5.98948	1.30263	2	0.00362813	0.00180664	211	0.0550691	0.151762
CC	82	0	-4.88725	5.98948	1.30263	2	0.00362813	0.00180664	211	0.0550691	0.151762
CTNC	83	0	-4.88725	5.98948	1.30263	2	0.00362813	0.00180664	211	0.0550691	0.151762
TTC	84	0	-4.88725	5.98948	1.30263	2	0.00362813	0.00180664	211	0.0550691	0.151762
TCA	85	0	-4.88725	5.98948	1.30263	2	0.00362813	0.00180664	211	0.0550691	0.151762
CANG	86	0	-4.88725	5.98948	1.30263	2	0.00362813	0.00180664	211	0.0550691	0.151762
ANG	87	0	-4.88725	5.98948	1.30263	2	0.00362813	0.00180664	211	0.0550691	0.151762
TGGT	88	0	-4.88725	5.98948	1.30263	2	0.00362813	0.00180664	211	0.0550691	0.151762
GGT	89	0	-4.88725	5.98948	1.30263	2	0.00362813	0.00180664	211	0.0550691	0.151762
TCC	90	0	-4.84117	5.89037	1.20351	2	0.00395952	0.00213803	211	0.055066	0.151763
CC	91	0	-4.84117	5.89037	1.20351	2	0.00395952	0.00213803	211	0.055066	0.151763
CNGG	92	0	-4.88725	5.98948	1.30263	2	0.00362813	0.00180664	211	0.0550691	0.151762
TNCA	93	0	-4.84117	5.89037	1.20351	2	0.00395952	0.00213803	211	0.055066	0.151763
GGGC	94	0	-4.88725	5.98948	1.30263	2	0.00362813	0.00180664	211	0.0550691	0.151762
GGC	95	0	-4.88725	5.98948	1.30263	2	0.00362813	0.00180664	211	0.0550691	0.151762
GCT	96	0	-4.88725	5.98948	1.30263	2	0.00362813	0.00180664	211	0.0550691	0.151762
TGGT	97	0	-4.84117	5.89037	1.20351	2	0.00395952	0.00213803	211	0.055066	0.151763
GGT	98	0	-4.84117	5.89037	1.20351	2	0.00395952	0.00213803	211	0.055066	0.151763
TA	99	0	-4.15721	4.62167	-0	23	0.0110757	0.00996913	190	0.0598531	0.159173
A	100	0	-1.71764	1.3542	-0	38	0.0298115	0.0774137	175	0.0599657	0.162284
