#kmer	position	shift	statistics	p-value	corrected.p	frac.obs	frac.exp	obs/exp	local.r
C	1	0	4.02084	4.42124	1.91609	0.201305	0.167652	1.20073	1.20085
C	2	0	5.16044	6.62479	4.11964	0.210843	0.167652	1.25763	1.25779
C	3	0	3.8409	4.11549	1.61034	0.199799	0.167652	1.19175	1.19187
C	4	0	4.32073	4.9565	2.45135	0.203815	0.167652	1.21571	1.21584
C	5	0	4.14079	4.6315	2.12635	0.202309	0.167652	1.20672	1.20685
T	6	0	1.47294	1.17005	-0	0.23494	0.221241	1.06192	1.06195
G	7	0	1.43226	1.13637	-0	0.407129	0.391466	1.04001	1.04003
A	8	0	1.59516	1.27384	-0	0.234438	0.219641	1.06737	1.0674
G	9	0	1.15682	0.923837	-0	0.404116	0.391466	1.03232	1.03233
G	10	0	1.75359	1.41906	-0	0.410643	0.391466	1.04899	1.04901
A	11	0	0.675137	0.618916	-0	0.225904	0.219641	1.02851	1.02853
G	12	0	4.50793	5.47415	2.969	0.440763	0.391466	1.12593	1.126
G	13	0	6.25235	9.61203	7.10688	0.459839	0.391466	1.17466	1.17476
G	14	0	4.55384	5.56727	3.06212	0.441265	0.391466	1.12721	1.12728
G	15	0	8.73125	16	13.4949	0.486948	0.391466	1.24391	1.24406
G	16	0	9.60346	16	13.4949	0.496486	0.391466	1.26827	1.26844
G	17	0	5.8392	8.52044	6.01529	0.455321	0.391466	1.16312	1.16321
G	18	0	9.41983	16	13.4949	0.494478	0.391466	1.26314	1.26331
G	19	0	11.2561	16	13.4949	0.514558	0.391466	1.31444	1.31465
G	20	0	6.16053	9.36346	6.85831	0.458835	0.391466	1.1721	1.1722
G	21	0	12.7709	16	13.4949	0.531124	0.391466	1.35676	1.357
G	22	0	17.132	16	13.4949	0.578815	0.391466	1.47858	1.47894
G	23	0	12.0365	16	13.4949	0.523092	0.391466	1.33624	1.33647
G	24	0	16.9484	16	13.4949	0.576807	0.391466	1.47345	1.47381
G	25	0	18.0501	16	13.4949	0.588855	0.391466	1.50423	1.50461
G	26	0	13.0464	16	13.4949	0.534137	0.391466	1.36445	1.3647
G	27	0	20.9421	16	13.4949	0.620482	0.391466	1.58502	1.58549
G	28	0	21.6307	16	13.4949	0.628012	0.391466	1.60426	1.60474
G	29	0	16.6729	16	13.4949	0.573795	0.391466	1.46576	1.4661
G	30	0	21.3094	16	13.4949	0.624498	0.391466	1.59528	1.59576
G	31	0	19.6109	16	13.4949	0.605924	0.391466	1.54783	1.54826
G	32	0	14.0104	16	13.4949	0.544679	0.391466	1.39138	1.39166
G	33	0	20.5749	16	13.4949	0.616466	0.391466	1.57476	1.57522
G	34	0	26.9558	16	13.4949	0.686245	0.391466	1.75301	1.75368
G	35	0	23.1456	16	13.4949	0.644578	0.391466	1.64658	1.64711
G	36	0	21.6766	16	13.4949	0.628514	0.391466	1.60554	1.60603
A	37	0	3.70581	3.92014	1.41499	0.254016	0.219641	1.15651	1.1566
G	38	0	29.8019	16	13.4949	0.717369	0.391466	1.83252	1.83329
G	39	0	54.6369	16	13.4949	0.988956	0.391466	2.52629	2.52823
G	40	0	54.1778	16	13.4949	0.983936	0.391466	2.51346	2.51538
A	41	0	9.33421	16	13.4949	0.306225	0.219641	1.39421	1.39448
A	42	0	6.1953	9.14992	6.64477	0.277108	0.219641	1.26164	1.26181
C	43	0	4.38071	5.06739	2.56224	0.204317	0.167652	1.2187	1.21883
A	44	0	6.35765	9.56958	7.06443	0.278614	0.219641	1.2685	1.26867
C	45	0	8.45928	15.4775	12.9723	0.238454	0.167652	1.42232	1.42262
C	46	0	2.88124	2.68062	0.175465	0.191767	0.167652	1.14384	1.14392
C	47	0	7.01978	11.1929	8.68774	0.226406	0.167652	1.35045	1.35069
C	48	0	7.37966	12.2134	9.70821	0.229418	0.167652	1.36842	1.36867
T	49	0	4.92756	6.2043	3.69915	0.267068	0.221241	1.20714	1.20726
T	50	0	6.92477	11.1148	8.60968	0.285643	0.221241	1.29109	1.29128
C	51	0	5.64027	7.68933	5.18418	0.214859	0.167652	1.28158	1.28176
C	52	0	6.47997	9.74433	7.23918	0.221888	0.167652	1.3235	1.32372
C	53	0	6.53995	9.90038	7.39523	0.22239	0.167652	1.3265	1.32671
C	54	0	6.53995	9.90038	7.39523	0.22239	0.167652	1.3265	1.32671
T	55	0	5.46735	7.38826	4.88311	0.272088	0.221241	1.22983	1.22997
C	56	0	6.9598	11.0271	8.52191	0.225904	0.167652	1.34746	1.34769
T	57	0	6.6009	10.2204	7.7152	0.282631	0.221241	1.27748	1.27765
T	58	0	5.95315	8.5449	6.03975	0.276606	0.221241	1.25025	1.25041
A	59	0	5.9247	8.47169	5.96654	0.274598	0.219641	1.25021	1.25037
T	60	0	6.06111	8.81359	6.30844	0.27761	0.221241	1.25479	1.25495
A	61	0	6.57413	10.1439	7.63876	0.280622	0.219641	1.27764	1.27782
T	62	0	6.70885	10.5143	8.00917	0.283635	0.221241	1.28201	1.2822
T	63	0	5.95315	8.5449	6.03975	0.276606	0.221241	1.25025	1.25041
T	64	0	5.89918	8.41214	5.90699	0.276104	0.221241	1.24798	1.24813
C	65	0	6.59993	10.0577	7.55251	0.222892	0.167652	1.32949	1.32971
C	66	0	6.83985	10.699	8.19389	0.2249	0.167652	1.34147	1.3417
C	67	0	7.01978	11.1929	8.68774	0.226406	0.167652	1.35045	1.35069
T	68	0	7.46455	12.6891	10.1839	0.290663	0.221241	1.31378	1.31399
T	69	0	7.95036	14.1912	11.686	0.295181	0.221241	1.3342	1.33443
T	70	0	6.331	9.50381	6.99866	0.28012	0.221241	1.26613	1.2663
T	71	0	7.95036	14.1912	11.686	0.295181	0.221241	1.3342	1.33443
T	72	0	7.0867	11.5762	9.07102	0.287149	0.221241	1.2979	1.29809
T	73	0	6.97875	11.2676	8.76242	0.286145	0.221241	1.29336	1.29355
T	74	0	8.86799	16	13.4949	0.303715	0.221241	1.37278	1.37303
C	75	0	6.1201	8.83387	6.32872	0.218875	0.167652	1.30554	1.30574
C	76	0	6.06012	8.68645	6.1813	0.218373	0.167652	1.30254	1.30274
C	77	0	8.33932	15.1764	12.6713	0.23745	0.167652	1.41633	1.41662
C	78	0	8.3993	15.3525	12.8474	0.237952	0.167652	1.41932	1.41962
C	79	0	5.8202	8.10919	5.60404	0.216365	0.167652	1.29056	1.29075
T	80	0	7.19466	11.889	9.38382	0.288153	0.221241	1.30244	1.30263
G	1	0	-4.765	6.0637	3.55855	0.339357	0.391466	0.866889	0.866831
G	2	0	-6.69304	11.1539	8.64874	0.318273	0.391466	0.813029	0.812953
G	3	0	-3.25012	3.23018	0.725029	0.355924	0.391466	0.909207	0.909166
A	4	0	-2.95085	2.81947	0.314316	0.192269	0.219641	0.875379	0.875324
G	5	0	-5.26997	7.23322	4.72807	0.333835	0.391466	0.852783	0.85272
G	6	0	-2.88287	2.69171	0.186563	0.35994	0.391466	0.919467	0.919429
A	7	0	-0.840201	0.680769	-0	0.211847	0.219641	0.964516	0.964499
G	8	0	-2.56153	2.26664	-0	0.363454	0.391466	0.928443	0.92841
T	9	0	-1.01007	0.788302	-0	0.211847	0.221241	0.95754	0.95752
T	10	0	-1.38792	1.06517	-0	0.208333	0.221241	0.941657	0.941629
C	11	0	-1.19733	0.917136	-0	0.157631	0.167652	0.940225	0.940197
C	12	0	-3.29659	3.37226	0.867107	0.14006	0.167652	0.835423	0.835354
C	13	0	-3.11665	3.08506	0.579906	0.141566	0.167652	0.844406	0.84434
C	14	0	-3.59649	3.88521	1.38006	0.13755	0.167652	0.820451	0.820377
T	15	0	-3.92491	4.45476	1.94961	0.184739	0.221241	0.835011	0.834942
C	16	0	-5.09596	7.12464	4.61949	0.125	0.167652	0.745593	0.745497
T	17	0	-3.87093	4.35256	1.84741	0.185241	0.221241	0.837281	0.837212
A	18	0	-5.00738	6.80471	4.29956	0.173193	0.219641	0.788526	0.788443
A	19	0	-5.27797	7.48299	4.97784	0.170683	0.219641	0.777098	0.777011
C	20	0	-3.77642	4.2139	1.70875	0.136044	0.167652	0.811468	0.811392
T	21	0	-5.59825	8.33067	5.82552	0.169177	0.221241	0.764671	0.764581
C	22	0	-7.73503	15.9546	13.4494	0.102912	0.167652	0.613841	0.613722
C	23	0	-7.55509	15.1095	12.6043	0.104418	0.167652	0.622824	0.622706
C	24	0	-7.91497	16	13.4949	0.101406	0.167652	0.604858	0.604738
C	25	0	-8.69469	16	13.4949	0.0948795	0.167652	0.565932	0.565808
C	26	0	-8.3948	16	13.4949	0.0973896	0.167652	0.580904	0.580781
C	27	0	-9.95425	16	13.4949	0.0843373	0.167652	0.50305	0.502925
C	28	0	-10.3741	16	13.4949	0.0808233	0.167652	0.48209	0.481965
C	29	0	-7.31518	14.1837	11.6786	0.106426	0.167652	0.634802	0.634685
A	30	0	-8.52513	16	13.4949	0.140562	0.219641	0.639963	0.639848
C	31	0	-8.27484	16	13.4949	0.0983936	0.167652	0.586892	0.58677
C	32	0	-8.63472	16	13.4949	0.0953815	0.167652	0.568926	0.568803
C	33	0	-11.2738	16	13.4949	0.0732932	0.167652	0.437175	0.437051
A	34	0	-9.12044	16	13.4949	0.13504	0.219641	0.614822	0.614703
C	35	0	-9.83429	16	13.4949	0.0853414	0.167652	0.509039	0.508914
T	36	0	-11.212	16	13.4949	0.116968	0.221241	0.528689	0.528564
C	37	0	-9.83429	16	13.4949	0.0853414	0.167652	0.509039	0.508914
A	38	0	-8.47101	16	13.4949	0.141064	0.219641	0.642249	0.642134
A	39	0	-23.1373	16	13.4949	0.00502008	0.219641	0.0228558	0.0228446
A	40	0	-23.1373	16	13.4949	0.00502008	0.219641	0.0228558	0.0228446
T	41	0	-5.59825	8.33067	5.82552	0.169177	0.221241	0.764671	0.764581
G	42	0	-7.198	12.7713	10.2662	0.312751	0.391466	0.798923	0.798842
G	43	0	-5.72902	8.39636	5.89121	0.328815	0.391466	0.839959	0.839891
G	44	0	-10.595	16	13.4949	0.275602	0.391466	0.704027	0.703922
G	45	0	-7.10619	12.4683	9.96315	0.313755	0.391466	0.801488	0.801408
G	46	0	-5.59131	8.03735	5.5322	0.330321	0.391466	0.843806	0.84374
G	47	0	-9.99825	16	13.4949	0.282129	0.391466	0.720698	0.720597
G	48	0	-11.3754	16	13.4949	0.267068	0.391466	0.682226	0.682117
G	49	0	-9.35557	16	13.4949	0.289157	0.391466	0.738651	0.738554
G	50	0	-13.4871	16	13.4949	0.243976	0.391466	0.623237	0.623119
G	51	0	-11.1459	16	13.4949	0.269578	0.391466	0.688638	0.68853
G	52	0	-10.2278	16	13.4949	0.279618	0.391466	0.714286	0.714183
G	53	0	-14.6806	16	13.4949	0.230924	0.391466	0.589895	0.589773
G	54	0	-11.1918	16	13.4949	0.269076	0.391466	0.687356	0.687248
G	55	0	-12.3853	16	13.4949	0.256024	0.391466	0.654014	0.6539
G	56	0	-12.9821	16	13.4949	0.249498	0.391466	0.637343	0.637227
G	57	0	-12.4312	16	13.4949	0.255522	0.391466	0.652732	0.652618
G	58	0	-12.6608	16	13.4949	0.253012	0.391466	0.64632	0.646205
G	59	0	-13.3953	16	13.4949	0.24498	0.391466	0.625801	0.625684
G	60	0	-12.9362	16	13.4949	0.25	0.391466	0.638625	0.638509
G	61	0	-13.6707	16	13.4949	0.241968	0.391466	0.618107	0.617989
G	62	0	-14.5429	16	13.4949	0.23243	0.391466	0.593742	0.593621
G	63	0	-11.8804	16	13.4949	0.261546	0.391466	0.66812	0.668009
G	64	0	-12.9362	16	13.4949	0.25	0.391466	0.638625	0.638509
G	65	0	-14.9561	16	13.4949	0.227912	0.391466	0.582201	0.582078
G	66	0	-13.7625	16	13.4949	0.240964	0.391466	0.615542	0.615424
G	67	0	-13.4871	16	13.4949	0.243976	0.391466	0.623237	0.623119
G	68	0	-15.3692	16	13.4949	0.223394	0.391466	0.570659	0.570536
G	69	0	-13.4412	16	13.4949	0.244478	0.391466	0.624519	0.624401
G	70	0	-12.4312	16	13.4949	0.255522	0.391466	0.652732	0.652618
G	71	0	-14.5429	16	13.4949	0.23243	0.391466	0.593742	0.593621
G	72	0	-12.5231	16	13.4949	0.254518	0.391466	0.650167	0.650052
G	73	0	-13.533	16	13.4949	0.243474	0.391466	0.621954	0.621836
G	74	0	-14.8183	16	13.4949	0.229418	0.391466	0.586048	0.585926
G	75	0	-12.7985	16	13.4949	0.251506	0.391466	0.642472	0.642357
G	76	0	-13.8543	16	13.4949	0.23996	0.391466	0.612978	0.612859
G	77	0	-16.425	16	13.4949	0.211847	0.391466	0.541164	0.54104
G	78	0	-13.8084	16	13.4949	0.240462	0.391466	0.61426	0.614141
G	79	0	-13.4871	16	13.4949	0.243976	0.391466	0.623237	0.623119
G	80	0	-14.8642	16	13.4949	0.228916	0.391466	0.584765	0.584643
