#kmer	position	shift	statistics	p-value	corrected.p	frac.obs	frac.exp	obs/exp	local.r
A	30	0	-8.52513	16	13.4949	0.140562	0.219641	0.639963	0.639848
A	34	0	-9.12044	16	13.4949	0.13504	0.219641	0.614822	0.614703
A	38	0	-8.47101	16	13.4949	0.141064	0.219641	0.642249	0.642134
A	39	0	-23.1373	16	13.4949	0.00502008	0.219641	0.0228558	0.0228446
A	40	0	-23.1373	16	13.4949	0.00502008	0.219641	0.0228558	0.0228446
A	41	0	9.33421	16	13.4949	0.306225	0.219641	1.39421	1.39448
C	24	0	-7.91497	16	13.4949	0.101406	0.167652	0.604858	0.604738
C	25	0	-8.69469	16	13.4949	0.0948795	0.167652	0.565932	0.565808
C	26	0	-8.3948	16	13.4949	0.0973896	0.167652	0.580904	0.580781
C	27	0	-9.95425	16	13.4949	0.0843373	0.167652	0.50305	0.502925
C	28	0	-10.3741	16	13.4949	0.0808233	0.167652	0.48209	0.481965
C	30	0	-8.0949	16	13.4949	0.0998996	0.167652	0.595875	0.595754
C	31	0	-8.27484	16	13.4949	0.0983936	0.167652	0.586892	0.58677
C	32	0	-8.63472	16	13.4949	0.0953815	0.167652	0.568926	0.568803
C	33	0	-11.2738	16	13.4949	0.0732932	0.167652	0.437175	0.437051
C	34	0	-12.3534	16	13.4949	0.064257	0.167652	0.383277	0.383158
C	35	0	-9.83429	16	13.4949	0.0853414	0.167652	0.509039	0.508914
C	37	0	-9.83429	16	13.4949	0.0853414	0.167652	0.509039	0.508914
C	38	0	-16.492	16	13.4949	0.0296185	0.167652	0.176667	0.176594
C	39	0	-19.6708	16	13.4949	0.00301205	0.167652	0.0179661	0.0179572
C	40	0	-19.4909	16	13.4949	0.00451807	0.167652	0.0269491	0.026936
G	15	0	8.73125	16	13.4949	0.486948	0.391466	1.24391	1.24406
G	16	0	9.60346	16	13.4949	0.496486	0.391466	1.26827	1.26844
G	18	0	9.41983	16	13.4949	0.494478	0.391466	1.26314	1.26331
G	19	0	11.2561	16	13.4949	0.514558	0.391466	1.31444	1.31465
G	21	0	12.7709	16	13.4949	0.531124	0.391466	1.35676	1.357
G	22	0	17.132	16	13.4949	0.578815	0.391466	1.47858	1.47894
G	23	0	12.0365	16	13.4949	0.523092	0.391466	1.33624	1.33647
G	24	0	16.9484	16	13.4949	0.576807	0.391466	1.47345	1.47381
G	25	0	18.0501	16	13.4949	0.588855	0.391466	1.50423	1.50461
G	26	0	13.0464	16	13.4949	0.534137	0.391466	1.36445	1.3647
G	27	0	20.9421	16	13.4949	0.620482	0.391466	1.58502	1.58549
G	28	0	21.6307	16	13.4949	0.628012	0.391466	1.60426	1.60474
G	29	0	16.6729	16	13.4949	0.573795	0.391466	1.46576	1.4661
G	30	0	21.3094	16	13.4949	0.624498	0.391466	1.59528	1.59576
G	31	0	19.6109	16	13.4949	0.605924	0.391466	1.54783	1.54826
G	32	0	14.0104	16	13.4949	0.544679	0.391466	1.39138	1.39166
G	33	0	20.5749	16	13.4949	0.616466	0.391466	1.57476	1.57522
G	34	0	26.9558	16	13.4949	0.686245	0.391466	1.75301	1.75368
G	35	0	23.1456	16	13.4949	0.644578	0.391466	1.64658	1.64711
G	36	0	21.6766	16	13.4949	0.628514	0.391466	1.60554	1.60603
G	38	0	29.8019	16	13.4949	0.717369	0.391466	1.83252	1.83329
G	39	0	54.6369	16	13.4949	0.988956	0.391466	2.52629	2.52823
G	40	0	54.1778	16	13.4949	0.983936	0.391466	2.51346	2.51538
G	44	0	-10.595	16	13.4949	0.275602	0.391466	0.704027	0.703922
G	47	0	-9.99825	16	13.4949	0.282129	0.391466	0.720698	0.720597
G	48	0	-11.3754	16	13.4949	0.267068	0.391466	0.682226	0.682117
G	49	0	-9.35557	16	13.4949	0.289157	0.391466	0.738651	0.738554
G	50	0	-13.4871	16	13.4949	0.243976	0.391466	0.623237	0.623119
G	51	0	-11.1459	16	13.4949	0.269578	0.391466	0.688638	0.68853
G	52	0	-10.2278	16	13.4949	0.279618	0.391466	0.714286	0.714183
G	53	0	-14.6806	16	13.4949	0.230924	0.391466	0.589895	0.589773
G	54	0	-11.1918	16	13.4949	0.269076	0.391466	0.687356	0.687248
G	55	0	-12.3853	16	13.4949	0.256024	0.391466	0.654014	0.6539
G	56	0	-12.9821	16	13.4949	0.249498	0.391466	0.637343	0.637227
G	57	0	-12.4312	16	13.4949	0.255522	0.391466	0.652732	0.652618
G	58	0	-12.6608	16	13.4949	0.253012	0.391466	0.64632	0.646205
G	59	0	-13.3953	16	13.4949	0.24498	0.391466	0.625801	0.625684
G	60	0	-12.9362	16	13.4949	0.25	0.391466	0.638625	0.638509
G	61	0	-13.6707	16	13.4949	0.241968	0.391466	0.618107	0.617989
G	62	0	-14.5429	16	13.4949	0.23243	0.391466	0.593742	0.593621
G	63	0	-11.8804	16	13.4949	0.261546	0.391466	0.66812	0.668009
G	64	0	-12.9362	16	13.4949	0.25	0.391466	0.638625	0.638509
G	65	0	-14.9561	16	13.4949	0.227912	0.391466	0.582201	0.582078
G	66	0	-13.7625	16	13.4949	0.240964	0.391466	0.615542	0.615424
G	67	0	-13.4871	16	13.4949	0.243976	0.391466	0.623237	0.623119
G	68	0	-15.3692	16	13.4949	0.223394	0.391466	0.570659	0.570536
G	69	0	-13.4412	16	13.4949	0.244478	0.391466	0.624519	0.624401
G	70	0	-12.4312	16	13.4949	0.255522	0.391466	0.652732	0.652618
G	71	0	-14.5429	16	13.4949	0.23243	0.391466	0.593742	0.593621
G	72	0	-12.5231	16	13.4949	0.254518	0.391466	0.650167	0.650052
G	73	0	-13.533	16	13.4949	0.243474	0.391466	0.621954	0.621836
G	74	0	-14.8183	16	13.4949	0.229418	0.391466	0.586048	0.585926
G	75	0	-12.7985	16	13.4949	0.251506	0.391466	0.642472	0.642357
G	76	0	-13.8543	16	13.4949	0.23996	0.391466	0.612978	0.612859
G	77	0	-16.425	16	13.4949	0.211847	0.391466	0.541164	0.54104
G	78	0	-13.8084	16	13.4949	0.240462	0.391466	0.61426	0.614141
G	79	0	-13.4871	16	13.4949	0.243976	0.391466	0.623237	0.623119
G	80	0	-14.8642	16	13.4949	0.228916	0.391466	0.584765	0.584643
T	25	0	-8.89093	16	13.4949	0.138554	0.221241	0.626259	0.626141
T	27	0	-7.9733	16	13.4949	0.147088	0.221241	0.664832	0.664721
T	28	0	-8.56706	16	13.4949	0.141566	0.221241	0.639873	0.639757
T	30	0	-9.26878	16	13.4949	0.13504	0.221241	0.610375	0.610256
T	31	0	-9.26878	16	13.4949	0.13504	0.221241	0.610375	0.610256
T	34	0	-11.4819	16	13.4949	0.114458	0.221241	0.517344	0.517219
T	35	0	-10.8881	16	13.4949	0.11998	0.221241	0.542304	0.542179
T	36	0	-11.212	16	13.4949	0.116968	0.221241	0.528689	0.528564
T	38	0	-11.7518	16	13.4949	0.111948	0.221241	0.505999	0.505873
T	39	0	-23.4651	16	13.4949	0.00301205	0.221241	0.0136143	0.0136076
T	40	0	-23.0873	16	13.4949	0.0065261	0.221241	0.0294977	0.0294833
T	74	0	8.86799	16	13.4949	0.303715	0.221241	1.37278	1.37303
C	22	0	-7.73503	15.9546	13.4494	0.102912	0.167652	0.613841	0.613722
C	45	0	8.45928	15.4775	12.9723	0.238454	0.167652	1.42232	1.42262
A	27	0	-7.71334	15.3525	12.8474	0.148092	0.219641	0.674247	0.674137
C	78	0	8.3993	15.3525	12.8474	0.237952	0.167652	1.41932	1.41962
C	77	0	8.33932	15.1764	12.6713	0.23745	0.167652	1.41633	1.41662
C	23	0	-7.55509	15.1095	12.6043	0.104418	0.167652	0.622824	0.622706
C	36	0	-7.49512	14.8754	12.3703	0.10492	0.167652	0.625819	0.625701
A	28	0	-7.55098	14.7241	12.219	0.149598	0.219641	0.681104	0.680995
A	36	0	-7.55098	14.7241	12.219	0.149598	0.219641	0.681104	0.680995
A	35	0	-7.49686	14.5074	12.0023	0.1501	0.219641	0.683389	0.683281
T	24	0	-7.48749	14.4632	11.9581	0.151606	0.221241	0.685254	0.685146
T	69	0	7.95036	14.1912	11.686	0.295181	0.221241	1.3342	1.33443
T	71	0	7.95036	14.1912	11.686	0.295181	0.221241	1.3342	1.33443
C	29	0	-7.31518	14.1837	11.6786	0.106426	0.167652	0.634802	0.634685
T	29	0	-7.2176	13.4675	10.9623	0.154116	0.221241	0.696599	0.696493
T	33	0	-7.05567	12.8886	10.3835	0.155622	0.221241	0.703406	0.703302
G	42	0	-7.198	12.7713	10.2662	0.312751	0.391466	0.798923	0.798842
A	33	0	-7.00979	12.735	10.2299	0.154618	0.219641	0.70396	0.703855
T	68	0	7.46455	12.6891	10.1839	0.290663	0.221241	1.31378	1.31399
G	45	0	-7.10619	12.4683	9.96315	0.313755	0.391466	0.801488	0.801408
C	48	0	7.37966	12.2134	9.70821	0.229418	0.167652	1.36842	1.36867
A	22	0	-6.79331	11.9896	9.48447	0.156627	0.219641	0.713102	0.712999
T	80	0	7.19466	11.889	9.38382	0.288153	0.221241	1.30244	1.30263
T	72	0	7.0867	11.5762	9.07102	0.287149	0.221241	1.2979	1.29809
T	73	0	6.97875	11.2676	8.76242	0.286145	0.221241	1.29336	1.29355
C	47	0	7.01978	11.1929	8.68774	0.226406	0.167652	1.35045	1.35069
C	67	0	7.01978	11.1929	8.68774	0.226406	0.167652	1.35045	1.35069
G	2	0	-6.69304	11.1539	8.64874	0.318273	0.391466	0.813029	0.812953
T	50	0	6.92477	11.1148	8.60968	0.285643	0.221241	1.29109	1.29128
C	56	0	6.9598	11.0271	8.52191	0.225904	0.167652	1.34746	1.34769
T	22	0	-6.40792	10.721	8.21586	0.161647	0.221241	0.730635	0.730536
C	66	0	6.83985	10.699	8.19389	0.2249	0.167652	1.34147	1.3417
A	31	0	-6.36036	10.5765	8.07132	0.160643	0.219641	0.731387	0.731288
T	62	0	6.70885	10.5143	8.00917	0.283635	0.221241	1.28201	1.2822
T	32	0	-6.29997	10.3821	7.87694	0.162651	0.221241	0.735173	0.735075
T	57	0	6.6009	10.2204	7.7152	0.282631	0.221241	1.27748	1.27765
A	61	0	6.57413	10.1439	7.63876	0.280622	0.219641	1.27764	1.27782
C	57	0	6.59993	10.0577	7.55251	0.222892	0.167652	1.32949	1.32971
C	65	0	6.59993	10.0577	7.55251	0.222892	0.167652	1.32949	1.32971
C	68	0	6.59993	10.0577	7.55251	0.222892	0.167652	1.32949	1.32971
C	53	0	6.53995	9.90038	7.39523	0.22239	0.167652	1.3265	1.32671
C	54	0	6.53995	9.90038	7.39523	0.22239	0.167652	1.3265	1.32671
C	52	0	6.47997	9.74433	7.23918	0.221888	0.167652	1.3235	1.32372
G	13	0	6.25235	9.61203	7.10688	0.459839	0.391466	1.17466	1.17476
A	44	0	6.35765	9.56958	7.06443	0.278614	0.219641	1.2685	1.26867
T	65	0	6.331	9.50381	6.99866	0.28012	0.221241	1.26613	1.2663
T	70	0	6.331	9.50381	6.99866	0.28012	0.221241	1.26613	1.2663
G	20	0	6.16053	9.36346	6.85831	0.458835	0.391466	1.1721	1.1722
A	42	0	6.1953	9.14992	6.64477	0.277108	0.219641	1.26164	1.26181
C	74	0	6.24006	9.13242	6.62727	0.21988	0.167652	1.31152	1.31173
T	77	0	6.16907	9.08651	6.58136	0.278614	0.221241	1.25932	1.25949
A	29	0	-5.81917	8.95258	6.44743	0.165663	0.219641	0.754243	0.75415
C	73	0	6.1201	8.83387	6.32872	0.218875	0.167652	1.30554	1.30574
C	75	0	6.1201	8.83387	6.32872	0.218875	0.167652	1.30554	1.30574
T	60	0	6.06111	8.81359	6.30844	0.27761	0.221241	1.25479	1.25495
C	76	0	6.06012	8.68645	6.1813	0.218373	0.167652	1.30254	1.30274
T	66	0	6.00713	8.67872	6.17357	0.277108	0.221241	1.25252	1.25268
T	53	0	5.95315	8.5449	6.03975	0.276606	0.221241	1.25025	1.25041
T	58	0	5.95315	8.5449	6.03975	0.276606	0.221241	1.25025	1.25041
T	63	0	5.95315	8.5449	6.03975	0.276606	0.221241	1.25025	1.25041
G	17	0	5.8392	8.52044	6.01529	0.455321	0.391466	1.16312	1.16321
T	26	0	-5.65222	8.47926	5.97411	0.168675	0.221241	0.762402	0.762311
A	59	0	5.9247	8.47169	5.96654	0.274598	0.219641	1.25021	1.25037
T	61	0	5.89918	8.41214	5.90699	0.276104	0.221241	1.24798	1.24813
T	64	0	5.89918	8.41214	5.90699	0.276104	0.221241	1.24798	1.24813
G	43	0	-5.72902	8.39636	5.89121	0.328815	0.391466	0.839959	0.839891
C	50	0	5.94016	8.39534	5.89019	0.217369	0.167652	1.29655	1.29675
A	69	0	5.87058	8.33923	5.83408	0.274096	0.219641	1.24793	1.24808
A	76	0	5.87058	8.33923	5.83408	0.274096	0.219641	1.24793	1.24808
T	21	0	-5.59825	8.33067	5.82552	0.169177	0.221241	0.764671	0.764581
T	41	0	-5.59825	8.33067	5.82552	0.169177	0.221241	0.764671	0.764581
C	79	0	5.8202	8.10919	5.60404	0.216365	0.167652	1.29056	1.29075
A	62	0	5.76234	8.0775	5.57235	0.273092	0.219641	1.24336	1.24351
G	46	0	-5.59131	8.03735	5.5322	0.330321	0.391466	0.843806	0.84374
T	79	0	5.73724	8.02022	5.51507	0.274598	0.221241	1.24117	1.24132
A	77	0	5.6541	7.82003	5.31488	0.272088	0.219641	1.23879	1.23893
T	48	0	5.62928	7.76425	5.2591	0.273594	0.221241	1.23663	1.23678
C	51	0	5.64027	7.68933	5.18418	0.214859	0.167652	1.28158	1.28176
C	60	0	5.64027	7.68933	5.18418	0.214859	0.167652	1.28158	1.28176
A	24	0	-5.33209	7.62313	5.11798	0.170181	0.219641	0.774813	0.774725
A	19	0	-5.27797	7.48299	4.97784	0.170683	0.219641	0.777098	0.777011
A	21	0	-5.27797	7.48299	4.97784	0.170683	0.219641	0.777098	0.777011
A	64	0	5.49175	7.44183	4.93668	0.270582	0.219641	1.23193	1.23207
A	80	0	5.49175	7.44183	4.93668	0.270582	0.219641	1.23193	1.23207
T	51	0	5.46735	7.38826	4.88311	0.272088	0.221241	1.22983	1.22997
T	55	0	5.46735	7.38826	4.88311	0.272088	0.221241	1.22983	1.22997
A	53	0	5.43763	7.3179	4.81275	0.27008	0.219641	1.22964	1.22979
G	5	0	-5.26997	7.23322	4.72807	0.333835	0.391466	0.852783	0.85272
C	16	0	-5.09596	7.12464	4.61949	0.125	0.167652	0.745593	0.745497
A	65	0	5.32939	7.07325	4.5681	0.269076	0.219641	1.22507	1.22521
C	80	0	5.34037	7.01457	4.50942	0.212349	0.167652	1.26661	1.26678
A	71	0	5.27527	6.95253	4.44738	0.268574	0.219641	1.22279	1.22292
T	23	0	-5.05846	6.92734	4.42219	0.174197	0.221241	0.787361	0.787277
A	56	0	5.22115	6.83289	4.32774	0.268072	0.219641	1.2205	1.22064
A	58	0	5.22115	6.83289	4.32774	0.268072	0.219641	1.2205	1.22064
A	18	0	-5.00738	6.80471	4.29956	0.173193	0.219641	0.788526	0.788443
C	59	0	5.22042	6.75346	4.24831	0.211345	0.167652	1.26062	1.26079
T	59	0	5.14348	6.66506	4.15991	0.269076	0.221241	1.21621	1.21634
C	2	0	5.16044	6.62479	4.11964	0.210843	0.167652	1.25763	1.25779
C	62	0	5.16044	6.62479	4.11964	0.210843	0.167652	1.25763	1.25779
C	63	0	5.10046	6.49739	3.99224	0.210341	0.167652	1.25463	1.25479
T	76	0	4.98154	6.31789	3.81274	0.26757	0.221241	1.20941	1.20953
A	75	0	4.95055	6.25075	3.7456	0.265562	0.219641	1.20907	1.2092
T	49	0	4.92756	6.2043	3.69915	0.267068	0.221241	1.20714	1.20726
T	78	0	4.92756	6.2043	3.69915	0.267068	0.221241	1.20714	1.20726
A	55	0	4.89643	6.13754	3.63239	0.26506	0.219641	1.20679	1.20691
A	79	0	4.89643	6.13754	3.63239	0.26506	0.219641	1.20679	1.20691
G	1	0	-4.765	6.0637	3.55855	0.339357	0.391466	0.866889	0.866831
T	67	0	4.81961	5.98034	3.47519	0.266064	0.221241	1.2026	1.20272
C	21	0	-4.61613	5.96187	3.45672	0.129016	0.167652	0.769548	0.769458
A	67	0	4.73408	5.80439	3.29924	0.263554	0.219641	1.19993	1.20005
A	68	0	4.67996	5.69549	3.19034	0.263052	0.219641	1.19765	1.19776
A	25	0	-4.52031	5.67662	3.17147	0.177711	0.219641	0.809097	0.809019
C	55	0	4.6806	5.64098	3.13583	0.206827	0.167652	1.23367	1.23382
G	14	0	4.55384	5.56727	3.06212	0.441265	0.391466	1.12721	1.12728
T	75	0	4.60369	5.5453	3.04015	0.264056	0.221241	1.19352	1.19364
G	12	0	4.50793	5.47415	2.969	0.440763	0.391466	1.12593	1.126
C	70	0	4.56065	5.40772	2.90257	0.205823	0.167652	1.22768	1.22782
T	19	0	-4.35674	5.32257	2.81742	0.180723	0.221241	0.816859	0.816784
C	42	0	4.44069	5.17956	2.67441	0.204819	0.167652	1.22169	1.22183
C	43	0	4.38071	5.06739	2.56224	0.204317	0.167652	1.2187	1.21883
C	72	0	4.38071	5.06739	2.56224	0.204317	0.167652	1.2187	1.21883
T	54	0	4.3338	5.02568	2.52053	0.261546	0.221241	1.18218	1.18228
C	4	0	4.32073	4.9565	2.45135	0.203815	0.167652	1.21571	1.21584
C	71	0	4.32073	4.9565	2.45135	0.203815	0.167652	1.21571	1.21584
T	44	0	4.27982	4.92498	2.41983	0.261044	0.221241	1.17991	1.18001
C	64	0	4.26075	4.84689	2.34174	0.203313	0.167652	1.21271	1.21284
A	70	0	4.19288	4.76399	2.25884	0.258534	0.219641	1.17708	1.17718
C	19	0	-4.01634	4.67698	2.17183	0.134036	0.167652	0.799491	0.79941
C	5	0	4.14079	4.6315	2.12635	0.202309	0.167652	1.20672	1.20685
C	58	0	4.14079	4.6315	2.12635	0.202309	0.167652	1.20672	1.20685
A	60	0	4.08465	4.56889	2.06374	0.25753	0.219641	1.1725	1.17261
A	66	0	4.03053	4.47296	1.96781	0.257028	0.219641	1.17022	1.17032
T	15	0	-3.92491	4.45476	1.94961	0.184739	0.221241	0.835011	0.834942
C	1	0	4.02084	4.42124	1.91609	0.201305	0.167652	1.20073	1.20085
C	61	0	4.02084	4.42124	1.91609	0.201305	0.167652	1.20073	1.20085
T	17	0	-3.87093	4.35256	1.84741	0.185241	0.221241	0.837281	0.837212
C	49	0	3.96086	4.31804	1.81289	0.200803	0.167652	1.19774	1.19786
T	52	0	3.90197	4.25029	1.74514	0.25753	0.221241	1.16402	1.16412
C	20	0	-3.77642	4.2139	1.70875	0.136044	0.167652	0.811468	0.811392
C	3	0	3.8409	4.11549	1.61034	0.199799	0.167652	1.19175	1.19187
C	18	0	-3.71644	4.10257	1.59742	0.136546	0.167652	0.814463	0.814387
T	56	0	3.79401	4.06722	1.56207	0.256526	0.221241	1.15949	1.15958
A	78	0	3.75993	4.00956	1.50441	0.254518	0.219641	1.15879	1.15888
C	15	0	-3.65646	3.99301	1.48786	0.137048	0.167652	0.817457	0.817382
A	37	0	3.70581	3.92014	1.41499	0.254016	0.219641	1.15651	1.1566
A	72	0	3.70581	3.92014	1.41499	0.254016	0.219641	1.15651	1.1566
C	14	0	-3.59649	3.88521	1.38006	0.13755	0.167652	0.820451	0.820377
T	47	0	3.63208	3.80072	1.29557	0.25502	0.221241	1.15268	1.15277
A	16	0	-3.54616	3.76738	1.26223	0.186747	0.219641	0.850237	0.850173
A	50	0	3.59757	3.74453	1.23938	0.253012	0.219641	1.15193	1.15202
G	37	0	3.49801	3.63976	1.13461	0.429719	0.391466	1.09772	1.09777
A	63	0	3.43522	3.48926	0.98411	0.251506	0.219641	1.14508	1.14516
A	73	0	3.43522	3.48926	0.98411	0.251506	0.219641	1.14508	1.14516
C	12	0	-3.29659	3.37226	0.867107	0.14006	0.167652	0.835423	0.835354
G	3	0	-3.25012	3.23018	0.725029	0.355924	0.391466	0.909207	0.909166
T	16	0	-3.16921	3.14792	0.642768	0.191767	0.221241	0.866778	0.86672
T	5	0	3.20025	3.13755	0.632395	0.251004	0.221241	1.13453	1.1346
C	13	0	-3.11665	3.08506	0.579906	0.141566	0.167652	0.844406	0.84434
T	20	0	-3.11523	3.06463	0.559482	0.192269	0.221241	0.869047	0.86899
A	15	0	-3.05909	2.97984	0.474688	0.191265	0.219641	0.870807	0.870751
C	17	0	-2.9967	2.90203	0.396877	0.14257	0.167652	0.850395	0.850331
T	3	0	2.98434	2.83184	0.326692	0.248996	0.221241	1.12545	1.12552
A	4	0	-2.95085	2.81947	0.314316	0.192269	0.219641	0.875379	0.875324
A	54	0	2.94814	2.78195	0.276802	0.246988	0.219641	1.12451	1.12458
A	74	0	2.94814	2.78195	0.276802	0.246988	0.219641	1.12451	1.12458
G	6	0	-2.88287	2.69171	0.186563	0.35994	0.391466	0.919467	0.919429
C	46	0	2.88124	2.68062	0.175465	0.191767	0.167652	1.14384	1.14392
A	13	0	-2.84261	2.66433	0.159183	0.193273	0.219641	0.87995	0.879897
T	18	0	-2.73738	2.51821	0.013063	0.195783	0.221241	0.884931	0.88488
A	3	0	-2.62613	2.36961	-0	0.195281	0.219641	0.889092	0.889042
A	51	0	2.56931	2.29236	-0	0.243474	0.219641	1.10851	1.10857
G	8	0	-2.56153	2.26664	-0	0.363454	0.391466	0.928443	0.92841
A	49	0	2.51519	2.22672	-0	0.242972	0.219641	1.10622	1.10628
A	43	0	2.46107	2.16216	-0	0.24247	0.219641	1.10394	1.10399
A	32	0	-2.40966	2.09534	-0	0.197289	0.219641	0.898234	0.898188
A	52	0	2.29871	1.97491	-0	0.240964	0.219641	1.09708	1.09713
A	23	0	-2.30142	1.96576	-0	0.198293	0.219641	0.902806	0.902762
A	46	0	2.24459	1.91463	-0	0.240462	0.219641	1.09479	1.09485
T	1	0	2.22864	1.89716	-0	0.241968	0.221241	1.09368	1.09373
C	69	0	2.22147	1.88568	-0	0.186245	0.167652	1.1109	1.11097
C	41	0	-2.21697	1.872	-0	0.149096	0.167652	0.889321	0.889272
A	12	0	-2.13906	1.7807	-0	0.199799	0.219641	0.909662	0.909621
A	26	0	-2.13906	1.7807	-0	0.199799	0.219641	0.909662	0.909621
A	57	0	2.08224	1.74018	-0	0.238956	0.219641	1.08794	1.08799
C	44	0	2.04153	1.69583	-0	0.184739	0.167652	1.10192	1.10198
T	2	0	2.01272	1.66847	-0	0.23996	0.221241	1.08461	1.08465
A	45	0	1.81164	1.47061	-0	0.236446	0.219641	1.07651	1.07655
A	47	0	1.81164	1.47061	-0	0.236446	0.219641	1.07651	1.07655
G	10	0	1.75359	1.41906	-0	0.410643	0.391466	1.04899	1.04901
T	46	0	1.74283	1.40627	-0	0.23745	0.221241	1.07326	1.0733
T	13	0	-1.71179	1.3459	-0	0.205321	0.221241	0.928043	0.928009
T	42	0	-1.71179	1.3459	-0	0.205321	0.221241	0.928043	0.928009
A	8	0	1.59516	1.27384	-0	0.234438	0.219641	1.06737	1.0674
T	6	0	1.47294	1.17005	-0	0.23494	0.221241	1.06192	1.06195
G	7	0	1.43226	1.13637	-0	0.407129	0.391466	1.04001	1.04003
G	41	0	-1.4598	1.12425	-0	0.375502	0.391466	0.95922	0.959201
T	10	0	-1.38792	1.06517	-0	0.208333	0.221241	0.941657	0.941629
T	14	0	-1.27997	0.980612	-0	0.209337	0.221241	0.946195	0.94617
A	2	0	1.21633	0.969197	-0	0.230924	0.219641	1.05137	1.0514
G	9	0	1.15682	0.923837	-0	0.404116	0.391466	1.03232	1.03233
C	11	0	-1.19733	0.917136	-0	0.157631	0.167652	0.940225	0.940197
A	48	0	1.10809	0.89128	-0	0.22992	0.219641	1.0468	1.04682
A	6	0	1.10809	0.89128	-0	0.22992	0.219641	1.0468	1.04682
T	37	0	1.04111	0.845015	-0	0.230924	0.221241	1.04376	1.04379
T	45	0	-1.06405	0.824621	-0	0.211345	0.221241	0.955271	0.95525
T	9	0	-1.01007	0.788302	-0	0.211847	0.221241	0.95754	0.95752
C	6	0	0.901933	0.755844	-0	0.175201	0.167652	1.04503	1.04505
C	8	0	0.901933	0.755844	-0	0.175201	0.167652	1.04503	1.04505
A	14	0	-0.840201	0.680769	-0	0.211847	0.219641	0.964516	0.964499
A	7	0	-0.840201	0.680769	-0	0.211847	0.219641	0.964516	0.964499
A	11	0	0.675137	0.618916	-0	0.225904	0.219641	1.02851	1.02853
A	20	0	-0.731962	0.617566	-0	0.212851	0.219641	0.969087	0.969072
A	5	0	-0.731962	0.617566	-0	0.212851	0.219641	0.969087	0.969072
C	7	0	-0.717498	0.60732	-0	0.161647	0.167652	0.96418	0.964163
G	4	0	-0.679403	0.591631	-0	0.384036	0.391466	0.981021	0.981011
T	8	0	0.609282	0.582807	-0	0.226908	0.221241	1.02561	1.02563
T	11	0	0.555304	0.554279	-0	0.226406	0.221241	1.02334	1.02335
A	10	0	-0.461366	0.476862	-0	0.215361	0.219641	0.980515	0.980506
T	43	0	0.33939	0.449247	-0	0.224398	0.221241	1.01427	1.01427
A	17	0	-0.299009	0.4038	-0	0.216867	0.219641	0.987372	0.987366
A	1	0	-0.244889	0.381257	-0	0.217369	0.219641	0.989658	0.989653
A	9	0	-0.244889	0.381257	-0	0.217369	0.219641	0.989658	0.989653
C	10	0	-0.237666	0.376511	-0	0.165663	0.167652	0.988135	0.988129
T	12	0	-0.200395	0.363428	-0	0.219378	0.221241	0.991576	0.991572
T	7	0	-0.200395	0.363428	-0	0.219378	0.221241	0.991576	0.991572
T	4	0	-0.146417	0.342532	-0	0.21988	0.221241	0.993845	0.993842
G	11	0	-0.128536	0.338556	-0	0.39006	0.391466	0.996409	0.996408
C	9	0	-0.117709	0.330056	-0	0.166667	0.167652	0.994124	0.994121
