ATNAA	1	0	6.58035	5.25285	-0	0.0322581	0.00355223	9.08108	9.08108
TNA	2	0	5.63861	6.25026	0.411018	0.150538	0.05571	2.70216	2.70216
AANCNA	3	0	6.39908	5.12797	-0	0.0322581	0.00371457	8.68421	8.68421
ANCC	4	0	6.3178	6.24306	0.403822	0.0752688	0.016412	4.58621	4.58621
ANCAG	5	0	5.14147	4.21366	-0	0.0322581	0.00518433	6.22222	6.22222
AGNNTC	6	0	4.63338	3.70873	-0	0.0268817	0.00439883	6.11111	6.11111
GNGTNA	7	0	6.4441	4.92298	-0	0.0268817	0.0026393	10.1852	10.1852
TGNNAT	8	0	4.30111	3.46654	-0	0.0268817	0.00488759	5.5	5.5
GTNNGT	9	0	5.28544	4.16694	-0	0.0268817	0.00361681	7.43243	7.43243
ANNNCA	10	0	4.87302	4.58026	-0	0.0698925	0.0199413	3.5049	3.5049
TTGC	11	0	4.9763	3.9526	-0	0.0268817	0.00396152	6.78571	6.78571
AT	12	0	4.33408	4.29858	-0	0.123656	0.0526699	2.34775	2.34775
GNTCT	13	0	4.35706	3.50772	-0	0.0268817	0.00480031	5.6	5.6
CCNNGA	14	0	4.63338	3.70873	-0	0.0268817	0.00439883	6.11111	6.11111
CNNGA	15	0	4.66489	4.18103	-0	0.0537634	0.0138249	3.88889	3.88889
GNTNAG	16	0	5.10538	4.04273	-0	0.0268817	0.00381232	7.05128	7.05128
CNNAGT	17	0	7.60439	6.21113	0.371887	0.0376344	0.00371457	10.1316	10.1316
GNNNA	18	0	4.49376	4.52913	-0	0.129032	0.0543395	2.37456	2.37456
GNTGA	19	0	4.76443	3.80268	-0	0.0268817	0.00422427	6.36364	6.36364
AGT	20	0	5.26867	4.8547	-0	0.0591398	0.0139043	4.25333	4.25333
CANGG	21	0	5.55583	4.67668	-0	0.0376344	0.00604839	6.22222	6.22222
ANGGNT	22	0	8.06721	6.81439	0.975151	0.0430108	0.00430108	10	10
TGNNTT	23	0	6.08974	5.09713	-0	0.0376344	0.00527859	7.12963	7.12963
GNNTT	24	0	6.32095	6.02389	0.184651	0.0645161	0.0126728	5.09091	5.09091
GNNANA	25	0	3.97212	3.46067	-0	0.0483871	0.0140762	3.4375	3.4375
CNTCA	26	0	4.26288	3.52807	-0	0.0322581	0.00672043	4.8	4.8
CTNTT	27	0	4.76443	3.80268	-0	0.0268817	0.00422427	6.36364	6.36364
ANANNG	28	0	5.26487	4.93083	-0	0.0645161	0.0160313	4.02439	4.02439
GTCNNT	29	0	6.04035	4.66795	-0	0.0268817	0.00293255	9.16667	9.16667
ANAGAG	30	0	9.80448	6.73624	0.897001	0.0268817	0.00127077	21.1538	21.1538
CNNAGG	31	0	7.2737	6.21533	0.376091	0.0430108	0.00508309	8.46154	8.46154
ANAGGC	32	0	9.80448	6.73624	0.897001	0.0268817	0.00127077	21.1538	21.1538
GAG	33	0	6.7453	6.93849	1.09925	0.0860215	0.0188172	4.57143	4.57143
AG	34	0	6.26522	7.4646	1.62536	0.182796	0.0675232	2.70715	2.70715
G	35	0	6.34788	9.14087	3.30162	0.456989	0.254301	1.79704	1.79704
TGTC	36	0	6.05176	4.88382	-0	0.0322581	0.00405584	7.95349	7.95349
AGAG	37	0	5.87674	4.75835	-0	0.0322581	0.00424448	7.6	7.6
TGANNC	38	0	5.3806	4.23184	-0	0.0268817	0.00351906	7.63889	7.63889
TNCNTG	39	0	4.12251	3.3341	-0	0.0268817	0.00518084	5.18868	5.18868
AGNCNT	40	0	4.85784	3.86908	-0	0.0268817	0.00410557	6.54762	6.54762
CNTA	41	0	4.40952	3.73033	-0	0.0376344	0.00830032	4.53409	4.53409
ANTNNC	42	0	4.41095	3.93298	-0	0.0537634	0.0147605	3.64238	3.64238
CNNNC	43	0	4.63953	4.86227	-0	0.16129	0.0728687	2.21344	2.21344
ATCNNC	44	0	4.85784	3.86908	-0	0.0268817	0.00410557	6.54762	6.54762
GNCTNC	45	0	6.33551	5.62957	-0	0.0483871	0.00772239	6.26582	6.26582
GCNNCG	46	0	9.0653	7.84352	2.00428	0.0483871	0.00439883	11	11
CNNC	47	0	8.17579	11.5823	5.74304	0.252688	0.0852669	2.9635	2.9635
CNNC	48	0	8.17579	11.5823	5.74304	0.252688	0.0852669	2.9635	2.9635
TCG	49	0	5.73457	5.09514	-0	0.0483871	0.00889878	5.4375	5.4375
CG	50	0	5.81054	6.16223	0.322986	0.112903	0.0348095	3.24346	3.24346
CGNGNA	51	0	6.16838	4.74978	-0	0.0268817	0.0028348	9.48276	9.48276
CNNAGG	52	0	4.1805	3.37727	-0	0.0268817	0.00508309	5.28846	5.28846
GG	53	0	3.98112	3.92939	-0	0.150538	0.0740842	2.03198	2.03198
GNNGA	54	0	5.6486	5.33096	-0	0.0645161	0.0146889	4.39216	4.39216
GNGGNG	55	0	4.95071	4.06785	-0	0.0322581	0.0054741	5.89286	5.89286
CNNCG	56	0	2.93063	2.45924	-0	0.0376344	0.0131528	2.86131	2.86131
GNCG	57	0	4.96754	4.30096	-0	0.0430108	0.00886625	4.85106	4.85106
ACG	58	0	4.11134	3.40653	-0	0.0322581	0.00704486	4.57895	4.57895
CG	59	0	2.61034	2.22806	-0	0.0698925	0.0348095	2.00785	2.00785
C	60	0	2.43563	2.15947	-0	0.349462	0.270161	1.29353	1.29353
G	1	0	-1.7343	1.33033	-0	0.198925	0.254301	0.782241	0.782241
G	2	0	-2.5762	2.30526	-0	0.172043	0.254301	0.676533	0.676533
CC	3	0	-2.51459	2.38365	-0	0.0268817	0.0756333	0.355422	0.355422
CNNNG	4	0	-2.54309	2.4301	-0	0.0268817	0.0764209	0.351759	0.351759
C	5	0	-2.68332	2.44669	-0	0.182796	0.270161	0.676617	0.676617
CT	6	0	-2.06353	1.71283	-0	0.0376344	0.0782759	0.480792	0.480792
TNNNNT	7	0	-2.10502	1.77737	-0	0.0268817	0.0649071	0.414157	0.414157
CT	8	0	-2.60949	2.54046	-0	0.0268817	0.0782759	0.343423	0.343423
T	9	0	-2.15794	1.77908	-0	0.177419	0.24552	0.722628	0.722628
G	10	0	-2.5762	2.30526	-0	0.172043	0.254301	0.676533	0.676533
TNC	11	0	-1.92647	1.54597	-0	0.0322581	0.0677605	0.47606	0.47606
TC	12	0	-2.27266	2.01183	-0	0.0268817	0.0691635	0.388669	0.388669
C	13	0	-2.02281	1.62344	-0	0.204301	0.270161	0.756219	0.756219
GNNNNG	14	0	-2.24414	1.97061	-0	0.0268817	0.0684262	0.392857	0.392857
CNNC	15	0	-2.58862	2.48482	-0	0.0322581	0.0852669	0.378319	0.378319
ANNNNC	16	0	-2.0455	1.69861	-0	0.0268817	0.0634409	0.423729	0.423729
ANNNNC	17	0	-2.0455	1.69861	-0	0.0268817	0.0634409	0.423729	0.423729
CNNNNC	18	0	-2.11707	1.78182	-0	0.0376344	0.0796676	0.472393	0.472393
ANNG	19	0	-2.00436	1.64553	-0	0.0268817	0.062441	0.430514	0.430514
TC	20	0	-2.27266	2.01183	-0	0.0268817	0.0691635	0.388669	0.388669
C	21	0	-3.01357	2.94338	-0	0.172043	0.270161	0.636816	0.636816
GNNNNG	22	0	-2.24414	1.97061	-0	0.0268817	0.0684262	0.392857	0.392857
TNNNNC	23	0	-2.08924	1.75626	-0	0.0268817	0.0645161	0.416667	0.416667
ANNNC	24	0	-1.9789	1.61323	-0	0.0268817	0.061828	0.434783	0.434783
CNNNNG	25	0	-2.33047	2.09706	-0	0.0268817	0.0706745	0.38036	0.38036
GNC	26	0	-2.33245	2.10003	-0	0.0268817	0.0707267	0.380079	0.380079
GC	27	0	-2.00941	1.64808	-0	0.0322581	0.0698013	0.462141	0.462141
C	28	0	-3.01357	2.94338	-0	0.172043	0.270161	0.636816	0.636816
A	29	0	-2.40147	2.08233	-0	0.155914	0.230018	0.677834	0.677834
GNNNG	30	0	-2.19263	1.89756	-0	0.0268817	0.0671083	0.400572	0.400572
GNNNC	31	0	-2.11961	1.79048	-0	0.0322581	0.0725806	0.444444	0.444444
CNG	32	0	-2.32121	2.07123	-0	0.0322581	0.0778643	0.414286	0.414286
AG	33	0	-2.20892	1.92047	-0	0.0268817	0.0675232	0.398111	0.398111
G	34	0	-2.91295	2.79765	-0	0.16129	0.254301	0.634249	0.634249
T	35	0	-3.00975	2.95891	-0	0.150538	0.24552	0.613139	0.613139
CNNC	36	0	-2.32607	2.06837	-0	0.0376344	0.0852669	0.441372	0.441372
TNC	37	0	-2.21821	1.93361	-0	0.0268817	0.0677605	0.396717	0.396717
TNNNT	38	0	-1.83549	1.4389	-0	0.0322581	0.0655722	0.491947	0.491947
TNT	39	0	-2.22545	1.94389	-0	0.0268817	0.0679459	0.395634	0.395634
CA	40	0	-2.40363	2.19366	-0	0.0322581	0.0800984	0.40273	0.40273
AG	41	0	-1.91671	1.53424	-0	0.0322581	0.0675232	0.477733	0.477733
TNC	42	0	-1.92647	1.54597	-0	0.0322581	0.0677605	0.47606	0.47606
ANNG	43	0	-2.00436	1.64553	-0	0.0268817	0.062441	0.430514	0.430514
G	44	0	-2.40782	2.08195	-0	0.177419	0.254301	0.697674	0.697674
CNNNG	45	0	-1.9911	1.6223	-0	0.0376344	0.0764209	0.492462	0.492462
GG	46	0	-2.45795	2.29302	-0	0.0268817	0.0740842	0.362854	0.362854
ANNG	47	0	-2.00436	1.64553	-0	0.0268817	0.062441	0.430514	0.430514
G	48	0	-2.5762	2.30526	-0	0.172043	0.254301	0.676533	0.676533
TG	49	0	-2.62887	2.57324	-0	0.0268817	0.0788227	0.34104	0.34104
G	50	0	-3.41809	3.65831	-0	0.145161	0.254301	0.570825	0.570825
T	51	0	-2.3283	1.98417	-0	0.172043	0.24552	0.70073	0.70073
TNNNG	52	0	-1.87743	1.48871	-0	0.0268817	0.0594278	0.452342	0.452342
TNNNC	53	0	-1.87568	1.48556	-0	0.0322581	0.0665323	0.484848	0.484848
TNNNC	54	0	-1.87568	1.48556	-0	0.0322581	0.0665323	0.484848	0.484848
TG	55	0	-1.81254	1.41284	-0	0.0430108	0.0788227	0.545665	0.545665
TNNNT	56	0	-2.13171	1.81344	-0	0.0268817	0.0655722	0.409956	0.409956
TNNG	57	0	-1.85693	1.46435	-0	0.0268817	0.0589511	0.456	0.456
TNT	58	0	-1.64271	1.23114	-0	0.0376344	0.0679459	0.553888	0.553888
CA	59	0	-1.59327	1.18591	-0	0.0483871	0.0800984	0.604096	0.604096
T	60	0	-1.98757	1.58842	-0	0.182796	0.24552	0.744526	0.744526
