#kmer	position	shift	statistics	p-value	corrected.p	frac.obs	frac.exp	obs/exp	local.r
C	1	1	6.31627	9.61306	5.71963	0.356426	0.292075	1.22032	1.22046
C	2	1	5.62643	7.86221	3.96878	0.349398	0.292075	1.19626	1.19638
C	3	1	5.08442	6.61449	2.72106	0.343875	0.292075	1.17736	1.17746
C	4	1	5.77426	8.22206	4.32863	0.350904	0.292075	1.20142	1.20154
T	5	1	3.54652	3.71459	-0	0.416165	0.377642	1.10201	1.10207
AGA	6	1	3.49522	3.43468	-0	0.0542169	0.0390472	1.3885	1.38877
GAA	7	1	2.30112	1.95454	-0	0.0496988	0.0396393	1.25377	1.25393
AGC	8	1	2.44145	2.09812	-0	0.0351406	0.0263747	1.33236	1.33258
GCG	9	1	2.77383	2.46929	-0	0.0336345	0.0241028	1.39546	1.39574
TNG	10	1	4.31038	4.90747	1.01404	0.172189	0.138799	1.24056	1.24071
GG	11	1	4.89162	6.19655	2.30312	0.340361	0.290599	1.17124	1.17134
GNG	12	1	7.43242	12.886	8.9926	0.38755	0.310498	1.24816	1.24831
GNG	13	1	9.61148	16	12.1066	0.410141	0.310498	1.32091	1.32112
G	14	1	8.77309	16	12.1066	0.685241	0.58851	1.16437	1.16446
G	15	1	9.86581	16	12.1066	0.697289	0.58851	1.18484	1.18495
G	16	1	11.0496	16	12.1066	0.710341	0.58851	1.20702	1.20714
G	17	1	10.7309	16	12.1066	0.706827	0.58851	1.20104	1.20117
G	18	1	11.8691	16	12.1066	0.719378	0.58851	1.22237	1.22251
AGG	19	1	10.4028	16	12.1066	0.148092	0.0835843	1.77177	1.77246
AGG	20	1	10.6457	16	12.1066	0.149598	0.0835843	1.78979	1.7905
G	21	1	15.9213	16	12.1066	0.764056	0.58851	1.29829	1.29848
G	22	1	17.5149	16	12.1066	0.781627	0.58851	1.32814	1.32836
G	23	1	17.1506	16	12.1066	0.77761	0.58851	1.32132	1.32153
G	24	1	19.154	16	12.1066	0.799699	0.58851	1.35885	1.3591
AGG	25	1	13.3172	16	12.1066	0.166165	0.0835843	1.98799	1.98897
AGG	26	1	12.8315	16	12.1066	0.163153	0.0835843	1.95195	1.95289
G	27	1	21.3394	16	12.1066	0.823795	0.58851	1.3998	1.40008
AGG	28	1	9.18845	16	12.1066	0.140562	0.0835843	1.68168	1.68226
G	29	1	20.8386	16	12.1066	0.818273	0.58851	1.39041	1.39069
G	30	1	21.7492	16	12.1066	0.828313	0.58851	1.40747	1.40776
AGG	31	1	13.1553	16	12.1066	0.165161	0.0835843	1.97598	1.97695
AGG	32	1	16.5554	16	12.1066	0.186245	0.0835843	2.22823	2.2296
G	33	1	24.9818	16	12.1066	0.863956	0.58851	1.46804	1.46838
G	34	1	24.5265	16	12.1066	0.858936	0.58851	1.45951	1.45985
G	35	1	21.567	16	12.1066	0.826305	0.58851	1.40406	1.40435
AG	36	1	14.7522	16	12.1066	0.298695	0.173523	1.72135	1.72198
AG	37	1	22.976	16	12.1066	0.368474	0.173523	2.12348	2.12468
AGG	38	1	9.8361	16	12.1066	0.144578	0.0835843	1.72973	1.73036
G	39	1	36.9107	16	12.1066	0.995482	0.58851	1.69153	1.69212
G	40	1	36.2733	16	12.1066	0.988454	0.58851	1.67959	1.68016
A	41	1	10.0119	16	12.1066	0.488454	0.379593	1.28678	1.28697
ANA	42	1	7.14742	11.2326	7.33919	0.157631	0.107938	1.46038	1.46072
A	43	1	6.78003	11.0828	7.18939	0.453313	0.379593	1.19421	1.19432
C	44	1	7.64665	13.5028	9.60937	0.36998	0.292075	1.26673	1.2669
C	45	1	7.20319	12.1311	8.23762	0.365462	0.292075	1.25126	1.25142
CNT	46	1	7.59223	12.1193	8.22591	0.11747	0.0731709	1.60542	1.60591
C	47	1	11.1451	16	12.1066	0.405622	0.292075	1.38876	1.38903
C	48	1	7.79448	13.9769	10.0834	0.371486	0.292075	1.27189	1.27206
T	49	1	7.38247	12.9164	9.02294	0.457831	0.377642	1.21234	1.21247
C	50	1	8.18866	15.2556	11.3622	0.375502	0.292075	1.28564	1.28582
C	51	1	7.64665	13.5028	9.60937	0.36998	0.292075	1.26673	1.2669
C	52	1	8.38576	15.9546	12.0612	0.37751	0.292075	1.29251	1.2927
C	53	1	8.6814	16	12.1066	0.380522	0.292075	1.30283	1.30302
C	54	1	8.09012	14.9546	11.0612	0.374498	0.292075	1.2822	1.28238
C	55	1	8.58285	16	12.1066	0.379518	0.292075	1.29939	1.29958
C	56	1	8.6814	16	12.1066	0.380522	0.292075	1.30283	1.30302
T	57	1	8.3068	15.9546	12.0612	0.467871	0.377642	1.23893	1.23908
ANA	58	1	8.01389	13.6804	9.787	0.163655	0.107938	1.51619	1.51658
TNA	59	1	8.57844	15.0515	11.1581	0.135542	0.0826254	1.64044	1.64097
T	60	1	7.75221	14.1157	10.2223	0.461847	0.377642	1.22298	1.22311
T	61	1	8.49167	16	12.1066	0.46988	0.377642	1.24425	1.2444
T	62	1	8.07572	15.1764	11.283	0.465361	0.377642	1.23228	1.23243
TNT	63	1	8.79658	15.9546	12.0612	0.180723	0.117303	1.54066	1.54107
TC	64	1	7.97611	13.1912	9.29773	0.120984	0.0741574	1.63145	1.63197
C	65	1	9.12486	16	12.1066	0.38504	0.292075	1.31829	1.3185
C	66	1	8.97704	16	12.1066	0.383534	0.292075	1.31314	1.31334
C	67	1	8.8785	16	12.1066	0.38253	0.292075	1.3097	1.3099
T	68	1	10.3403	16	12.1066	0.48996	0.377642	1.29742	1.29761
T	69	1	8.95383	16	12.1066	0.4749	0.377642	1.25754	1.2577
T	70	1	8.90761	16	12.1066	0.474398	0.377642	1.25621	1.25637
T	71	1	9.87815	16	12.1066	0.48494	0.377642	1.28413	1.28431
T	72	1	8.95383	16	12.1066	0.4749	0.377642	1.25754	1.2577
T	73	1	9.27734	16	12.1066	0.478414	0.377642	1.26684	1.26701
T	74	1	8.35302	15.9546	12.0612	0.468374	0.377642	1.24026	1.24041
CNC	75	1	9.74535	16	12.1066	0.116466	0.0632981	1.83996	1.84074
C	76	1	9.27268	16	12.1066	0.386546	0.292075	1.32345	1.32367
C	77	1	10.8494	16	12.1066	0.40261	0.292075	1.37845	1.37871
C	78	1	9.07559	16	12.1066	0.384538	0.292075	1.31658	1.31678
T	79	1	8.8614	16	12.1066	0.473896	0.377642	1.25488	1.25504
GG	1	1	-8.77755	16	12.1066	0.201305	0.290599	0.692725	0.692618
GNG	2	1	-6.75573	11.5517	7.65825	0.240462	0.310498	0.774438	0.774351
ANG	3	1	-5.30998	7.72456	3.83113	0.110442	0.153306	0.720403	0.720302
GG	4	1	-6.2115	9.92259	6.02916	0.22741	0.290599	0.782555	0.782469
GNG	5	1	-4.47981	5.50822	1.61479	0.264056	0.310498	0.850427	0.850363
AGG	6	1	-2.5501	2.29999	-0	0.0677711	0.0835843	0.810811	0.810734
GG	7	1	-2.95458	2.80984	-0	0.260542	0.290599	0.896569	0.896522
GAT	8	1	-2.29367	2.00292	-0	0.0160643	0.0239162	0.67169	0.671579
TAA	9	1	-2.80899	2.78623	-0	0.0105422	0.0191728	0.549849	0.549725
CNC	10	1	-3.3208	3.51185	-0	0.0451807	0.0632981	0.713777	0.713675
CC	11	1	-3.7889	4.378	0.484576	0.0496988	0.0715838	0.694274	0.694168
CNT	12	1	-4.02279	4.86043	0.967005	0.0496988	0.0731709	0.679215	0.679106
CNT	13	1	-4.79713	6.71202	2.81859	0.0451807	0.0731709	0.617469	0.61735
TNC	14	1	-5.13941	7.64968	3.75625	0.0436747	0.0737759	0.591992	0.59187
CC	15	1	-5.87477	9.98542	6.09199	0.0376506	0.0715838	0.525965	0.52584
TC	16	1	-5.79077	9.66413	5.7707	0.0401606	0.0741574	0.54156	0.541435
TC	17	1	-5.79077	9.66413	5.7707	0.0401606	0.0741574	0.54156	0.541435
A	18	1	-6.56303	10.7818	6.88842	0.308233	0.379593	0.812008	0.811932
TNT	19	1	-6.80052	12.7128	8.81937	0.0682731	0.117303	0.582026	0.581903
TNT	20	1	-7.49682	15.4775	11.584	0.063253	0.117303	0.53923	0.539105
TNT	21	1	-8.40201	16	12.1066	0.0567269	0.117303	0.483595	0.483469
C	22	1	-9.6484	16	12.1066	0.193775	0.292075	0.663444	0.663332
C	23	1	-9.89476	16	12.1066	0.191265	0.292075	0.65485	0.654737
C	24	1	-10.6831	16	12.1066	0.183233	0.292075	0.62735	0.627232
ANA	25	1	-7.65471	16	12.1066	0.0547189	0.107938	0.506947	0.506821
ANA	26	1	-7.94353	16	12.1066	0.0527108	0.107938	0.488343	0.488217
A	27	1	-9.88726	16	12.1066	0.272088	0.379593	0.716789	0.716687
AA	28	1	-8.12996	16	12.1066	0.0426707	0.0964427	0.442446	0.442322
A	29	1	-9.24088	16	12.1066	0.279116	0.379593	0.735304	0.735206
A	30	1	-9.88726	16	12.1066	0.272088	0.379593	0.716789	0.716687
AC	31	1	-8.52486	16	12.1066	0.0195783	0.0674978	0.290058	0.289955
AC	32	1	-8.70348	16	12.1066	0.0185743	0.0674978	0.275184	0.275083
A	33	1	-10.4413	16	12.1066	0.266064	0.379593	0.700919	0.700814
A	34	1	-11.0877	16	12.1066	0.259036	0.379593	0.682404	0.682295
A	35	1	-10.1181	16	12.1066	0.269578	0.379593	0.710177	0.710073
AAA	36	1	-7.35569	16	12.1066	0.00200803	0.0302235	0.0664395	0.0664084
AA	37	1	-12.4563	16	12.1066	0.0140562	0.0964427	0.145747	0.145684
A	38	1	-21.4759	16	12.1066	0.146084	0.379593	0.384844	0.384725
A	39	1	-34.0341	16	12.1066	0.00953815	0.379593	0.0251273	0.025115
C	40	1	-13.6396	16	12.1066	0.153112	0.292075	0.524224	0.524099
GG	41	1	-10.554	16	12.1066	0.183233	0.290599	0.630535	0.630418
GG	42	1	-11.1462	16	12.1066	0.177209	0.290599	0.609805	0.609686
GG	43	1	-13.9097	16	12.1066	0.149096	0.290599	0.513066	0.51294
GG	44	1	-10.2086	16	12.1066	0.186747	0.290599	0.642628	0.642512
GG	45	1	-9.41906	16	12.1066	0.194779	0.290599	0.670267	0.670156
GG	46	1	-13.7616	16	12.1066	0.150602	0.290599	0.518248	0.518123
G	47	1	-10.6227	16	12.1066	0.471386	0.58851	0.800981	0.800901
G	48	1	-11.6244	16	12.1066	0.460341	0.58851	0.782215	0.782129
G	49	1	-11.5789	16	12.1066	0.460843	0.58851	0.783068	0.782982
G	50	1	-13.4911	16	12.1066	0.439759	0.58851	0.747241	0.747146
G	51	1	-11.9431	16	12.1066	0.456827	0.58851	0.776244	0.776156
G	52	1	-13.309	16	12.1066	0.441767	0.58851	0.750653	0.750559
G	53	1	-13.9009	16	12.1066	0.435241	0.58851	0.739564	0.739467
G	54	1	-13.0358	16	12.1066	0.444779	0.58851	0.755771	0.755679
G	55	1	-13.7188	16	12.1066	0.437249	0.58851	0.742976	0.74288
G	56	1	-13.7643	16	12.1066	0.436747	0.58851	0.742123	0.742027
G	57	1	-14.3562	16	12.1066	0.430221	0.58851	0.731034	0.730935
G	58	1	-14.6294	16	12.1066	0.427209	0.58851	0.725916	0.725816
G	59	1	-14.857	16	12.1066	0.424699	0.58851	0.721651	0.72155
G	60	1	-15.7677	16	12.1066	0.414659	0.58851	0.70459	0.704486
G	61	1	-15.7221	16	12.1066	0.415161	0.58851	0.705443	0.705339
G	62	1	-14.9481	16	12.1066	0.423695	0.58851	0.719945	0.719843
AGG	63	1	-8.21699	16	12.1066	0.0326305	0.0835843	0.39039	0.390271
G	64	1	-15.7677	16	12.1066	0.414659	0.58851	0.70459	0.704486
G	65	1	-16.314	16	12.1066	0.408635	0.58851	0.694354	0.694248
AGG	66	1	-7.89317	16	12.1066	0.0346386	0.0835843	0.414414	0.414293
G	67	1	-16.8148	16	12.1066	0.403112	0.58851	0.684971	0.684863
AGG	68	1	-7.56934	16	12.1066	0.0366466	0.0835843	0.438438	0.438315
AGG	69	1	-8.21699	16	12.1066	0.0326305	0.0835843	0.39039	0.390271
G	70	1	-14.4473	16	12.1066	0.429217	0.58851	0.729328	0.729229
G	71	1	-14.9936	16	12.1066	0.423193	0.58851	0.719092	0.71899
AGG	72	1	-8.94559	16	12.1066	0.0281125	0.0835843	0.336336	0.336224
G	73	1	-16.0408	16	12.1066	0.411647	0.58851	0.699472	0.699367
G	74	1	-14.7205	16	12.1066	0.426205	0.58851	0.72421	0.724109
AGG	75	1	-7.6503	16	12.1066	0.0361446	0.0835843	0.432432	0.432309
G	76	1	-17.9531	16	12.1066	0.390562	0.58851	0.663646	0.663533
AGG	77	1	-7.73126	16	12.1066	0.0356426	0.0835843	0.426426	0.426304
AGG	78	1	-11.1314	16	12.1066	0.0145582	0.0835843	0.174174	0.174102
AG	79	1	-12.7593	16	12.1066	0.065261	0.173523	0.376094	0.375976
A	80	1	-10.0258	16	12.1066	0.270582	0.379593	0.712822	0.712719
