GAAG	1	0	5.42185	4.42468	0.154608	0.0322581	0.00479512	6.72727	6.72727
CCCG	2	0	3.5712	2.91641	-0	0.0268817	0.00624818	4.30233	4.30233
CANC	3	0	3.40031	2.92463	-0	0.0483871	0.016565	2.92105	2.92105
TTAA	4	0	4.07942	3.09976	-0	0.016129	0.0021796	7.4	7.4
CGGA	5	0	5.59322	3.93255	-0	0.016129	0.00130776	12.3333	12.3333
CA	6	0	4.00839	3.91955	-0	0.134409	0.0629997	2.13348	2.13348
ACCA	7	0	4.71223	3.62795	-0	0.0215054	0.00290613	7.4	7.4
AAA	8	0	2.92947	2.45825	-0	0.0376344	0.0131579	2.86022	2.86022
CAGA	9	0	3.32061	2.72289	-0	0.0268817	0.00682941	3.93617	3.93617
CGCC	10	0	3.94089	3.11464	-0	0.0215054	0.00377797	5.69231	5.69231
AATT	11	0	4.42337	3.43981	-0	0.0215054	0.00319675	6.72727	6.72727
TGAA	12	0	4.16844	3.26967	-0	0.0215054	0.00348736	6.16667	6.16667
GAAT	13	0	4.42337	3.43981	-0	0.0215054	0.00319675	6.72727	6.72727
CNNT	14	0	4.15366	4.12399	-0	0.139785	0.0648067	2.15695	2.15695
ANNG	15	0	5.63858	6.21037	1.9403	0.145161	0.0527463	2.75207	2.75207
TNGC	16	0	7.61638	7.94574	3.67566	0.0860215	0.0159837	5.38182	5.38182
TG	17	0	8.36003	12.1435	7.87341	0.268817	0.0918114	2.92793	2.92793
G	18	0	7.6269	12.7557	8.48558	0.532258	0.280914	1.89474	1.89474
CTAC	19	0	5.25456	3.75864	-0	0.016129	0.00145307	11.1	11.1
TNCT	20	0	4.65639	4.43998	0.169907	0.0806452	0.0261552	3.08333	3.08333
GGCG	21	0	5.7223	4.46074	0.190667	0.0268817	0.00319675	8.40909	8.40909
GCG	22	0	4.5597	3.93956	-0	0.0430108	0.00990379	4.34286	4.34286
GTTC	23	0	4.05158	3.19042	-0	0.0215054	0.00363266	5.92	5.92
CANG	24	0	4.21275	3.73922	-0	0.0537634	0.0155478	3.45794	3.45794
AGGG	25	0	6.26565	5.40906	1.13899	0.0430108	0.00639349	6.72727	6.72727
GG	26	0	4.92741	5.39039	1.12032	0.188172	0.0865729	2.17357	2.17357
G	27	0	4.20091	4.73173	0.461659	0.419355	0.280914	1.49282	1.49282
GNNT	28	0	5.1577	5.61021	1.34013	0.16129	0.066841	2.41304	2.41304
GGA	29	0	5.19328	4.92698	0.656905	0.0698925	0.0185342	3.77099	3.77099
GT	30	0	4.72527	4.91409	0.644017	0.145161	0.061759	2.35045	2.35045
T	31	0	5.16923	6.51039	2.24032	0.419355	0.254301	1.64905	1.64905
GNGG	32	0	4.08014	3.75986	-0	0.0752688	0.0268817	2.8	2.8
GNAG	33	0	3.3898	2.96289	-0	0.0591398	0.0223772	2.64286	2.64286
TAGA	34	0	3.8384	2.84947	-0	0.0107527	0.00116245	9.25	9.25
TTNC	35	0	4.43304	3.95457	-0	0.0537634	0.014676	3.66337	3.66337
CACG	36	0	4.26628	3.21054	-0	0.016129	0.00203429	7.92857	7.92857
ACTA	37	0	8.14207	5.50427	1.2342	0.0215054	0.00116245	18.5	18.5
CTA	38	0	5.84788	5.06046	0.790387	0.0430108	0.00707414	6.08	6.08
TA	39	0	4.20806	3.96454	-0	0.0860215	0.0318445	2.7013	2.7013
A	40	0	2.19901	1.88387	-0	0.263441	0.199059	1.32343	1.32343
AT	1	0	-2.14458	1.87052	-0	0.0107527	0.0424593	0.253247	0.253247
TNT	2	0	-1.95111	1.5737	-0	0.0376344	0.0754103	0.499062	0.499062
CNNT	3	0	-2.10098	1.77194	-0	0.0268817	0.0648067	0.414798	0.414798
TG	4	0	-2.30487	2.03008	-0	0.0430108	0.0918114	0.468468	0.468468
CNT	5	0	-2.61913	2.6202	-0	0.016129	0.0626769	0.257336	0.257336
TT	6	0	-2.13908	1.82349	-0	0.0268817	0.0657568	0.408805	0.408805
TNNC	7	0	-2.27475	2.02844	-0	0.0215054	0.06161	0.349057	0.349057
GGG	8	0	-1.84955	1.46217	-0	0.00537634	0.0275891	0.194872	0.194872
GNNG	9	0	-1.78494	1.3828	-0	0.0483871	0.0848591	0.570205	0.570205
GGC	10	0	-1.6935	1.25804	-0	0.00537634	0.024618	0.218391	0.218391
TNNG	11	0	-2.16486	1.85891	-0	0.0268817	0.0664051	0.404814	0.404814
TNNG	12	0	-2.16486	1.85891	-0	0.0268817	0.0664051	0.404814	0.404814
GNNG	13	0	-2.83741	2.94249	-0	0.0268817	0.0848591	0.316781	0.316781
GNG	14	0	-2.99971	3.29652	-0	0.0215054	0.081777	0.262976	0.262976
GNNT	15	0	-3.06288	3.57712	-0	0.0107527	0.066841	0.16087	0.16087
G	16	0	-4.28248	5.42349	1.15342	0.139785	0.280914	0.497608	0.497608
GNA	17	0	-2.79254	3.0075	-0	0.0107527	0.0589983	0.182254	0.182254
T	18	0	-3.41809	3.65831	-0	0.145161	0.254301	0.570825	0.570825
A	19	0	-2.57546	2.33334	-0	0.123656	0.199059	0.621202	0.621202
ANA	20	0	-2.81073	3.14952	-0	0.00537634	0.0505093	0.106443	0.106443
ANA	21	0	-2.47591	2.41162	-0	0.0107527	0.0505093	0.212885	0.212885
A	22	0	-2.20819	1.8495	-0	0.134409	0.199059	0.675219	0.675219
AA	23	0	-2.64638	2.80867	-0	0.00537634	0.0460436	0.116766	0.116766
A	24	0	-3.8609	4.70524	0.43517	0.0860215	0.199059	0.43214	0.43214
CA	25	0	-2.63099	2.64149	-0	0.016129	0.0629997	0.256017	0.256017
A	26	0	-2.94273	2.8966	-0	0.112903	0.199059	0.567184	0.567184
ANC	27	0	-2.67065	2.85766	-0	0.00537634	0.0466893	0.115152	0.115152
CNT	28	0	-2.92165	3.27258	-0	0.0107527	0.0626769	0.171558	0.171558
GNG	29	0	-2.46455	2.28704	-0	0.0322581	0.081777	0.394464	0.394464
AG	30	0	-2.76995	2.89896	-0	0.016129	0.0668597	0.241237	0.241237
G	31	0	-4.44563	5.8196	1.54953	0.134409	0.280914	0.478469	0.478469
T	32	0	-2.5762	2.30526	-0	0.172043	0.254301	0.676533	0.676533
CNNC	33	0	-2.33816	2.09604	-0	0.0322581	0.0783203	0.411874	0.411874
CNC	34	0	-2.54746	2.43727	-0	0.0268817	0.0765422	0.351201	0.351201
CNNG	35	0	-2.5487	2.43931	-0	0.0268817	0.0765766	0.351044	0.351044
CC	36	0	-2.54721	2.41767	-0	0.0322581	0.0840915	0.383607	0.383607
GG	37	0	-3.15568	3.61855	-0	0.0215054	0.0865729	0.248408	0.248408
G	38	0	-4.28248	5.42349	1.15342	0.139785	0.280914	0.497608	0.497608
GG	39	0	-1.85196	1.45651	-0	0.0483871	0.0865729	0.558917	0.558917
C	40	0	-1.23252	0.90593	-0	0.225806	0.265726	0.849772	0.849772
