TNT	-1	0	7.60768	11.8126	7.91918	0.0873494	0.0501478	1.74184	1.36048
C	0	0	5.16044	6.62479	2.73137	0.210843	0.167652	1.25763	1.26174
TNT	1	0	6.68374	9.53375	5.64032	0.0828313	0.0501478	1.65174	1.28893
TNT	2	0	4.52788	5.10754	1.21411	0.0722892	0.0501478	1.44152	1.12249
TNT	3	0	4.93852	5.85035	1.95692	0.0742972	0.0501478	1.48156	1.15414
TNT	4	0	5.55448	7.05461	3.16118	0.0773092	0.0501478	1.54163	1.20166
GAG	5	0	4.51214	4.97818	1.08475	0.0496988	0.0319257	1.5567	1.31749
AG	6	0	3.03094	2.85106	-0	0.106426	0.0872604	1.21963	1.22308
GCG	7	0	3.72639	3.54533	-0	0.0160643	0.00843058	1.90548	1.32902
GAG	8	0	6.04151	7.84426	3.95083	0.0557229	0.0319257	1.74539	1.48026
AGG	9	0	4.03301	4.25386	0.360427	0.061245	0.0429289	1.42666	1.46827
GG	10	0	5.41867	7.23217	3.33874	0.240462	0.192587	1.24859	1.25258
GNG	11	0	9.97549	16	12.1066	0.242972	0.160856	1.51049	1.37764
GNG	12	0	8.20695	14.6758	10.7824	0.228414	0.160856	1.41999	1.29371
G	13	0	8.73125	16	12.1066	0.486948	0.391466	1.24391	1.24776
G	14	0	9.60346	16	12.1066	0.496486	0.391466	1.26827	1.2726
GNG	15	0	8.14596	14.4922	10.5988	0.227912	0.160856	1.41687	1.29082
G	16	0	9.41983	16	12.1066	0.494478	0.391466	1.26314	1.26737
G	17	0	11.2561	16	12.1066	0.514558	0.391466	1.31444	1.31969
AGG	18	0	10.6652	16	12.1066	0.0913655	0.0429289	2.1283	2.21111
G	19	0	12.7709	16	12.1066	0.531124	0.391466	1.35676	1.36291
G	20	0	17.132	16	12.1066	0.578815	0.391466	1.47858	1.4876
G	21	0	12.0365	16	12.1066	0.523092	0.391466	1.33624	1.34195
G	22	0	16.9484	16	12.1066	0.576807	0.391466	1.47345	1.48234
G	23	0	18.0501	16	12.1066	0.588855	0.391466	1.50423	1.51389
AGG	24	0	13.0971	16	12.1066	0.10241	0.0429289	2.38556	2.48702
G	25	0	20.9421	16	12.1066	0.620482	0.391466	1.58502	1.59685
G	26	0	21.6307	16	12.1066	0.628012	0.391466	1.60426	1.61662
G	27	0	16.6729	16	12.1066	0.573795	0.391466	1.46576	1.47445
G	28	0	21.3094	16	12.1066	0.624498	0.391466	1.59528	1.60739
G	29	0	19.6109	16	12.1066	0.605924	0.391466	1.54783	1.55864
AGG	30	0	14.4235	16	12.1066	0.108434	0.0429289	2.52589	2.63832
G	31	0	20.5749	16	12.1066	0.616466	0.391466	1.57476	1.5863
G	32	0	26.9558	16	12.1066	0.686245	0.391466	1.75301	1.76988
G	33	0	23.1456	16	12.1066	0.644578	0.391466	1.64658	1.66016
G	34	0	21.6766	16	12.1066	0.628514	0.391466	1.60554	1.61794
AG	35	0	22.1643	16	12.1066	0.22741	0.0872604	2.6061	2.66089
AGG	36	0	21.4979	16	12.1066	0.140562	0.0429289	3.2743	3.45513
G	37	0	54.6369	16	12.1066	0.988956	0.391466	2.52629	2.57606
G	38	0	54.1778	16	12.1066	0.983936	0.391466	2.51346	2.56256
A	39	0	9.33421	16	12.1066	0.306225	0.219641	1.39421	1.4012
ANA	40	0	9.83492	16	12.1066	0.0963855	0.0488751	1.97208	1.69037
TNC	41	0	5.23061	6.30423	2.4108	0.0592369	0.0370894	1.59714	1.53558
A	42	0	6.35765	9.56958	5.67615	0.278614	0.219641	1.2685	1.27282
C	43	0	8.45928	15.4775	11.584	0.238454	0.167652	1.42232	1.42996
TNC	44	0	5.58629	6.99426	3.10083	0.060743	0.0370894	1.63775	1.57541
C	45	0	7.01978	11.1929	7.29947	0.226406	0.167652	1.35045	1.35647
TNT	46	0	9.96886	16	12.1066	0.0988956	0.0501478	1.97208	1.54392
TNT	47	0	8.94226	15.4775	11.584	0.0938755	0.0501478	1.87198	1.46406
TNT	48	0	8.73694	14.8754	10.982	0.0928715	0.0501478	1.85195	1.4481
TNT	49	0	8.73694	14.8754	10.982	0.0928715	0.0501478	1.85195	1.4481
C	50	0	6.47997	9.74433	5.8509	0.221888	0.167652	1.3235	1.32894
TNT	51	0	9.96886	16	12.1066	0.0988956	0.0501478	1.97208	1.54392
TNT	52	0	8.3263	13.7345	9.84105	0.0908635	0.0501478	1.81191	1.41622
TNT	53	0	9.96886	16	12.1066	0.0988956	0.0501478	1.97208	1.54392
TNT	54	0	8.12098	13.1721	9.27869	0.0898594	0.0501478	1.79189	1.40028
TNT	55	0	7.91566	12.6205	8.72711	0.0888554	0.0501478	1.77187	1.38436
TNT	56	0	9.96886	16	12.1066	0.0988956	0.0501478	1.97208	1.54392
ANA	57	0	8.89966	15.3525	11.4591	0.0918675	0.0488751	1.87964	1.60948
TNT	58	0	8.63428	14.5929	10.6994	0.0923695	0.0501478	1.84194	1.44013
TNT	59	0	9.96886	16	12.1066	0.0988956	0.0501478	1.97208	1.54392
TNT	60	0	9.66088	16	12.1066	0.0973896	0.0501478	1.94205	1.51994
TNT	61	0	10.5848	16	12.1066	0.101908	0.0501478	2.03214	1.59191
TNT	62	0	9.8662	16	12.1066	0.0983936	0.0501478	1.96207	1.53593
TNT	63	0	7.71034	12.0792	8.18581	0.0878514	0.0501478	1.75185	1.36844
TNT	64	0	8.94226	15.4775	11.584	0.0938755	0.0501478	1.87198	1.46406
TNT	65	0	10.1742	16	12.1066	0.0998996	0.0501478	1.9921	1.55991
TNT	66	0	11.0981	16	12.1066	0.104418	0.0501478	2.0822	1.63195
TNT	67	0	10.6875	16	12.1066	0.10241	0.0501478	2.04216	1.59992
TNT	68	0	9.55822	16	12.1066	0.0968876	0.0501478	1.93204	1.51195
TNT	69	0	11.7141	16	12.1066	0.10743	0.0501478	2.14226	1.68006
TNT	70	0	12.4327	16	12.1066	0.110944	0.0501478	2.21234	1.73625
TNT	71	0	10.6875	16	12.1066	0.10241	0.0501478	2.04216	1.59992
T	72	0	8.86799	16	12.1066	0.303715	0.221241	1.37278	1.37929
TNT	73	0	8.8396	15.1764	11.283	0.0933735	0.0501478	1.86197	1.45608
ANA	74	0	9.41925	16	12.1066	0.0943775	0.0488751	1.93099	1.6544
ANA	75	0	9.62708	16	12.1066	0.0953815	0.0488751	1.95154	1.67238
TNT	76	0	10.6875	16	12.1066	0.10241	0.0501478	2.04216	1.59992
AA	77	0	6.06125	8.19498	4.30155	0.0893574	0.0576928	1.54885	1.55982
T	78	0	7.19466	11.889	7.99554	0.288153	0.221241	1.30244	1.30744
GG	-1	0	-7.76336	15.6536	11.7601	0.123996	0.192587	0.643845	0.640918
GG	0	0	-6.68379	11.7443	7.85087	0.133534	0.192587	0.693371	0.690656
ANG	1	0	-4.60001	6.13637	2.24294	0.0577309	0.086739	0.665571	0.712103
GG	2	0	-4.63831	5.97434	2.08091	0.151606	0.192587	0.787211	0.785069
GG	3	0	-5.66105	8.57683	4.6834	0.14257	0.192587	0.740291	0.737834
GTT	4	0	-3.17354	3.45711	-0	0.00903614	0.0186575	0.484317	0.662207
CNA	5	0	-3.51691	3.97027	0.07684	0.0225904	0.0375751	0.601205	0.679545
GNT	6	0	-3.00673	2.96241	-0	0.064257	0.0828246	0.775821	0.862821
GAT	7	0	-2.64663	2.55187	-0	0.00753012	0.0146563	0.513782	0.621971
TNA	8	0	-3.54354	3.97534	0.0819125	0.0301205	0.0469079	0.64212	0.697358
GAA	9	0	-2.96886	3.04825	-0	0.0115462	0.0211079	0.547008	0.575561
CNA	10	0	-3.39909	3.73907	-0	0.0230924	0.0375751	0.614565	0.694782
CNT	11	0	-4.09806	5.21875	1.32532	0.0225904	0.0407423	0.554469	0.585502
CNA	12	0	-3.98819	4.99156	1.09813	0.0205823	0.0375751	0.547765	0.618656
CC	13	0	-4.63472	6.602	2.70857	0.0205823	0.0412282	0.499229	0.496045
C	14	0	-5.09596	7.12464	3.23121	0.125	0.167652	0.745593	0.743199
TNA	15	0	-5.23899	8.31422	4.42079	0.0220884	0.0469079	0.470888	0.510164
A	16	0	-5.00738	6.80471	2.91128	0.173193	0.219641	0.788526	0.786421
A	17	0	-5.27797	7.48299	3.58956	0.170683	0.219641	0.777098	0.774912
CNA	18	0	-4.5773	6.50452	2.61109	0.0180723	0.0375751	0.480964	0.542678
AA	19	0	-5.95056	10.5215	6.62803	0.0266064	0.0576928	0.461174	0.45801
C	20	0	-7.73503	15.9546	12.0612	0.102912	0.167652	0.613841	0.610855
C	21	0	-7.55509	15.1095	11.2161	0.104418	0.167652	0.622824	0.619865
C	22	0	-7.91497	16	12.1066	0.101406	0.167652	0.604858	0.601848
C	23	0	-8.69469	16	12.1066	0.0948795	0.167652	0.565932	0.562839
C	24	0	-8.3948	16	12.1066	0.0973896	0.167652	0.580904	0.577838
C	25	0	-9.95425	16	12.1066	0.0843373	0.167652	0.50305	0.499906
C	26	0	-10.3741	16	12.1066	0.0808233	0.167652	0.48209	0.47895
TNA	27	0	-7.3583	16	12.1066	0.0120482	0.0469079	0.256848	0.277436
A	28	0	-8.52513	16	12.1066	0.140562	0.219641	0.639963	0.63706
C	29	0	-8.27484	16	12.1066	0.0983936	0.167652	0.586892	0.583839
C	30	0	-8.63472	16	12.1066	0.0953815	0.167652	0.568926	0.565839
ANT	31	0	-7.28877	16	12.1066	0.0125502	0.0471731	0.266046	0.285778
A	32	0	-9.12044	16	12.1066	0.13504	0.219641	0.614822	0.611839
ANC	33	0	-6.97489	16	12.1066	0.00702811	0.0362303	0.193985	0.190056
ANC	34	0	-8.29383	16	12.1066	0.00150602	0.0362303	0.0415681	0.0406475
AA	35	0	-8.35292	16	12.1066	0.0140562	0.0576928	0.243639	0.241299
A	36	0	-8.47101	16	12.1066	0.141064	0.219641	0.642249	0.639354
A	37	0	-23.1373	16	12.1066	0.00502008	0.219641	0.0228558	0.0225766
A	38	0	-23.1373	16	12.1066	0.00502008	0.219641	0.0228558	0.0225766
GG	39	0	-10.9452	16	12.1066	0.0958835	0.192587	0.497872	0.494687
GG	40	0	-9.52475	16	12.1066	0.108434	0.192587	0.563038	0.559902
GG	41	0	-12.1384	16	12.1066	0.0853414	0.192587	0.443132	0.439991
G	42	0	-10.595	16	12.1066	0.275602	0.391466	0.704027	0.701399
GGG	43	0	-9.92526	16	12.1066	0.0296185	0.0947456	0.31261	0.311655
GG	44	0	-10.6043	16	12.1066	0.0988956	0.192587	0.513512	0.510329
G	45	0	-9.99825	16	12.1066	0.282129	0.391466	0.720698	0.718159
G	46	0	-11.3754	16	12.1066	0.267068	0.391466	0.682226	0.679493
G	47	0	-9.35557	16	12.1066	0.289157	0.391466	0.738651	0.736215
G	48	0	-13.4871	16	12.1066	0.243976	0.391466	0.623237	0.620279
G	49	0	-11.1459	16	12.1066	0.269578	0.391466	0.688638	0.685935
G	50	0	-10.2278	16	12.1066	0.279618	0.391466	0.714286	0.711712
G	51	0	-14.6806	16	12.1066	0.230924	0.391466	0.589895	0.586848
G	52	0	-11.1918	16	12.1066	0.269076	0.391466	0.687356	0.684646
G	53	0	-12.3853	16	12.1066	0.256024	0.391466	0.654014	0.651162
G	54	0	-12.9821	16	12.1066	0.249498	0.391466	0.637343	0.63443
G	55	0	-12.4312	16	12.1066	0.255522	0.391466	0.652732	0.649875
G	56	0	-12.6608	16	12.1066	0.253012	0.391466	0.64632	0.643439
G	57	0	-13.3953	16	12.1066	0.24498	0.391466	0.625801	0.622851
G	58	0	-12.9362	16	12.1066	0.25	0.391466	0.638625	0.635717
G	59	0	-13.6707	16	12.1066	0.241968	0.391466	0.618107	0.615134
G	60	0	-14.5429	16	12.1066	0.23243	0.391466	0.593742	0.590704
G	61	0	-11.8804	16	12.1066	0.261546	0.391466	0.66812	0.665325
G	62	0	-12.9362	16	12.1066	0.25	0.391466	0.638625	0.635717
G	63	0	-14.9561	16	12.1066	0.227912	0.391466	0.582201	0.579138
G	64	0	-13.7625	16	12.1066	0.240964	0.391466	0.615542	0.612561
G	65	0	-13.4871	16	12.1066	0.243976	0.391466	0.623237	0.620279
G	66	0	-15.3692	16	12.1066	0.223394	0.391466	0.570659	0.567575
G	67	0	-13.4412	16	12.1066	0.244478	0.391466	0.624519	0.621565
G	68	0	-12.4312	16	12.1066	0.255522	0.391466	0.652732	0.649875
G	69	0	-14.5429	16	12.1066	0.23243	0.391466	0.593742	0.590704
G	70	0	-12.5231	16	12.1066	0.254518	0.391466	0.650167	0.6473
G	71	0	-13.533	16	12.1066	0.243474	0.391466	0.621954	0.618992
G	72	0	-14.8183	16	12.1066	0.229418	0.391466	0.586048	0.582993
G	73	0	-12.7985	16	12.1066	0.251506	0.391466	0.642472	0.639578
G	74	0	-13.8543	16	12.1066	0.23996	0.391466	0.612978	0.609989
G	75	0	-16.425	16	12.1066	0.211847	0.391466	0.541164	0.538039
G	76	0	-13.8084	16	12.1066	0.240462	0.391466	0.61426	0.611275
G	77	0	-13.4871	16	12.1066	0.243976	0.391466	0.623237	0.620279
G	78	0	-14.8642	16	12.1066	0.228916	0.391466	0.584765	0.581708
