#kmer	position	shift	statistics	p-value	corrected.p	frac.obs	frac.exp	obs/exp	local.r
AAA	1	0	-nan	16	12.213	0	0	-nan	-nan
AAA	2	0	-nan	16	12.213	0	0	-nan	-nan
AAA	3	0	-nan	16	12.213	0	0	-nan	-nan
AAA	4	0	-nan	16	12.213	0	0	-nan	-nan
AAA	5	0	-nan	16	12.213	0	0	-nan	-nan
AAA	6	0	-nan	16	12.213	0	0	-nan	-nan
AAA	7	0	-nan	16	12.213	0	0	-nan	-nan
AAA	8	0	-nan	16	12.213	0	0	-nan	-nan
AAA	9	0	-nan	16	12.213	0	0	-nan	-nan
AAA	10	0	-nan	16	12.213	0	0	-nan	-nan
AAA	11	0	-nan	16	12.213	0	0	-nan	-nan
AAA	12	0	-nan	16	12.213	0	0	-nan	-nan
AAA	13	0	-nan	16	12.213	0	0	-nan	-nan
CC	14	0	-nan	16	12.213	0	0	-nan	-nan
A	15	0	1.36893	1.18144	-0	0.0990099	0.0653465	1.51515	1.523
CT	1	0	-0.267356	1.1614	-0	0	0.000707214	0	0
CT	2	0	-0.267356	1.1614	-0	0	0.000707214	0	0
CT	3	0	-0.267356	1.1614	-0	0	0.000707214	0	0
CT	4	0	-0.267356	1.1614	-0	0	0.000707214	0	0
CT	5	0	-0.267356	1.1614	-0	0	0.000707214	0	0
CT	6	0	-0.267356	1.1614	-0	0	0.000707214	0	0
CT	7	0	-0.267356	1.1614	-0	0	0.000707214	0	0
A	8	0	-2.65734	2.96429	-0	0	0.0653465	0	0
CT	9	0	-0.267356	1.1614	-0	0	0.000707214	0	0
CT	10	0	-0.267356	1.1614	-0	0	0.000707214	0	0
CT	11	0	-0.267356	1.1614	-0	0	0.000707214	0	0
GT	12	0	-0.267356	1.1614	-0	0	0.000707214	0	0
G	13	0	-1.75987	1.33576	-0	0.019802	0.0620462	0.319149	0.316991
CT	14	0	-0.267356	1.1614	-0	0	0.000707214	0	0
G	15	0	-1.75987	1.33576	-0	0.019802	0.0620462	0.319149	0.316991
