#kmer	position	shift	statistics	p-value	corrected.p	frac.obs	frac.exp	obs/exp	local.r
TAA	1	0	4.03639	3.41213	-0	0.0376344	0.00927051	4.05959	4.1134
TAA	2	0	6.33167	5.77427	1.48451	0.0537634	0.00927051	5.79941	6.06383
AA	3	0	4.78317	4.94118	0.651408	0.134409	0.0546747	2.45833	2.52174
A	4	0	4.56772	5.28643	0.996668	0.370968	0.230018	1.61278	1.6297
TTGT	5	0	3.75174	2.98358	-0	0.0215054	0.00404498	5.31656	4.76596
CCAG	6	0	4.33016	3.58176	-0	0.0322581	0.00658272	4.90041	5.16923
CACT	7	0	3.87058	3.14478	-0	0.0268817	0.00563589	4.76973	5.4902
TGTA	8	0	3.57841	2.79132	-0	0.016129	0.00264717	6.09293	4.2
GTCA	9	0	4.56747	3.66115	-0	0.0268817	0.00449033	5.98658	7.56757
TCAT	10	0	4.42612	3.55832	-0	0.0268817	0.00469547	5.72504	4.51613
TAT	11	0	4.94045	4.27712	-0	0.0430108	0.00893059	4.81612	4.10811
AT	12	0	4.33408	4.29858	0.00881436	0.123656	0.0526699	2.34775	2.4036
TACA	13	0	4.8188	3.69611	-0	0.0215054	0.00280811	7.65832	6.58824
CACG	14	0	5.18224	3.92343	-0	0.0215054	0.0025063	8.58053	8.61538
TGGG	15	0	3.37824	2.76756	-0	0.0268817	0.00668969	4.01838	3.88889
GGCT	16	0	3.74048	3.04596	-0	0.0268817	0.00589178	4.56258	4.82759
GGCC	17	0	3.84094	3.12233	-0	0.0268817	0.00569287	4.722	4.91228
GGCT	18	0	3.74048	3.04596	-0	0.0268817	0.00589178	4.56258	4.82759
CAGT	19	0	4.24879	3.42791	-0	0.0268817	0.00497112	5.40758	4.44444
AGT	20	0	5.15802	4.74321	0.453444	0.0591398	0.0142755	4.14274	4.51079
GT	21	0	4.22614	4.16062	-0	0.123656	0.0537634	2.3	2.35273
AGGG	22	0	3.82148	3.10756	-0	0.0268817	0.0057307	4.69082	4.59016
TCCT	23	0	2.90242	2.37394	-0	0.0215054	0.00561012	3.83332	3.34328
GGTT	24	0	5.11472	4.04923	-0	0.0268817	0.00380181	7.07076	9.65517
ACCG	25	0	4.29257	3.22593	-0	0.016129	0.00201493	8.00474	7.63636
TCT	26	0	3.2821	2.83702	-0	0.0537634	0.0200393	2.6829	2.57919
AATA	27	0	4.32869	3.24702	-0	0.016129	0.00198875	8.11014	7.63636
ATA	28	0	5.18718	4.49334	0.203569	0.0430108	0.00836672	5.14069	4.70103
GT	29	0	3.90105	3.73582	-0	0.11828	0.0537634	2.2	2.24648
ATGG	30	0	4.27683	3.44863	-0	0.0268817	0.00492612	5.45698	5.4902
GCGA	31	0	4.32913	3.24728	-0	0.016129	0.00198843	8.11143	10.5
CCCG	32	0	6.31525	4.84256	0.552788	0.0268817	0.00272821	9.85323	8.48485
GAG	33	0	7.44138	7.74521	3.45544	0.0860215	0.0165049	5.21189	4.87701
AG	34	0	6.26522	7.4646	3.17483	0.182796	0.0675232	2.70715	2.78925
G	35	0	6.34788	9.14087	4.8511	0.456989	0.254301	1.79704	1.82165
TGTC	36	0	5.49952	4.48242	0.192653	0.0322581	0.0046944	6.8716	9.08108
AGAG	37	0	5.75541	4.67042	0.38065	0.0322581	0.00438245	7.36074	8.61538
GAG	38	0	3.98833	3.52003	-0	0.0537634	0.0165049	3.25743	2.95337
GCC	39	0	2.84215	2.41083	-0	0.0483871	0.0195413	2.47614	2.25991
GTGC	40	0	4.39805	3.53779	-0	0.0268817	0.0047377	5.674	5.28302
CAAT	41	0	3.54925	2.8412	-0	0.0215054	0.00435963	4.93284	7
CCTT	42	0	4.04289	3.27457	-0	0.0268817	0.00531918	5.05373	6.36364
C	43	0	3.09613	2.99207	-0	0.370968	0.270161	1.37313	1.38187
TATA	44	0	5.33031	3.79813	-0	0.016129	0.00141864	11.3694	6.46154
TTAC	45	0	3.93831	3.01457	-0	0.016129	0.002299	7.01567	8
CATC	46	0	5.15352	4.22282	-0	0.0322581	0.00516673	6.24342	5.25
CAGC	47	0	6.22607	5.37639	1.08662	0.0430108	0.00645403	6.66417	5.14943
TTCG	48	0	7.25624	5.40972	1.11995	0.0268817	0.00216311	12.4274	14
TCG	49	0	5.72865	5.0898	0.800034	0.0483871	0.00891153	5.42972	5.89655
CG	50	0	5.81054	6.16223	1.87246	0.112903	0.0348095	3.24346	3.37396
GCCG	51	0	5.16723	3.9142	-0	0.0215054	0.00251785	8.54118	10.1818
TTTT	52	0	4.14875	3.25637	-0	0.0215054	0.00351128	6.12465	4.39216
GG	53	0	3.98112	3.92939	-0	0.150538	0.0740842	2.03198	2.06879
GAGG	54	0	5.41187	4.41724	0.127471	0.0322581	0.00480827	6.70887	4.94118
CCCG	55	0	4.90954	3.7536	-0	0.0215054	0.00272821	7.88258	6.58824
AAGA	56	0	4.11844	3.23586	-0	0.0215054	0.00354854	6.06034	6.78788
GACG	57	0	6.42622	4.64339	0.353625	0.0215054	0.00175926	12.2241	13.1765
ACG	58	0	4.04328	3.35167	-0	0.0322581	0.00719732	4.48195	4.88571
CG	59	0	2.61034	2.22806	-0	0.0698925	0.0348095	2.00785	2.04336
C	60	0	2.43563	2.15947	-0	0.349462	0.270161	1.29353	1.3
GG	1	0	-2.73791	2.79525	-0	0.0215054	0.0740842	0.290283	0.286774
GC	2	0	-2.87268	3.09851	-0	0.016129	0.0698013	0.23107	0.228047
CC	3	0	-2.51459	2.38365	-0	0.0268817	0.0756333	0.355422	0.351515
C	4	0	-2.35306	2.00781	-0	0.193548	0.270161	0.716418	0.712991
C	5	0	-2.68332	2.44669	-0	0.182796	0.270161	0.676617	0.672929
CT	6	0	-2.06353	1.71283	-0	0.0376344	0.0782759	0.480792	0.476526
TG	7	0	-2.08465	1.73982	-0	0.0376344	0.0788227	0.477457	0.473193
CT	8	0	-2.60949	2.54046	-0	0.0268817	0.0782759	0.343423	0.339578
TC	9	0	-2.56164	2.48545	-0	0.0215054	0.0691635	0.310935	0.307285
G	10	0	-2.5762	2.30526	-0	0.172043	0.254301	0.676533	0.672844
CTT	11	0	-1.89801	1.54957	-0	0	0.019	0	0
TC	12	0	-2.27266	2.01183	-0	0.0268817	0.0691635	0.388669	0.384615
C	13	0	-2.02281	1.62344	-0	0.204301	0.270161	0.756219	0.753107
GAG	14	0	-1.76675	1.34437	-0	0	0.0165049	0	0
GCT	15	0	-1.95942	1.65042	-0	0	0.0202241	0	0
TGC	16	0	-2.0281	1.76687	-0	0	0.0216355	0	0
GCC	17	0	-1.92539	1.59415	-0	0	0.0195413	0	0
TA	18	0	-1.99	1.64669	-0	0.0107527	0.0390013	0.275701	0.2723
AGC	19	0	-1.87415	1.5112	-0	0	0.018534	0	0
TC	20	0	-2.27266	2.01183	-0	0.0268817	0.0691635	0.388669	0.384615
C	21	0	-3.01357	2.94338	-0	0.172043	0.270161	0.636816	0.63292
CG	22	0	-2.59	2.86198	-0	0	0.0348095	0	0
TCA	23	0	-1.97331	1.67366	-0	0	0.0205058	0	0
TGG	24	0	-2.09081	1.87655	-0	0	0.022963	0	0
CG	25	0	-2.18997	1.97503	-0	0.00537634	0.0348095	0.15445	0.152231
ACA	26	0	-1.76983	1.34901	-0	0	0.0165614	0	0
GC	27	0	-2.00941	1.64808	-0	0.0322581	0.0698013	0.462141	0.457895
C	28	0	-3.01357	2.94338	-0	0.172043	0.270161	0.636816	0.63292
A	29	0	-2.40147	2.08233	-0	0.155914	0.230018	0.677834	0.674153
CG	30	0	-2.18997	1.97503	-0	0.00537634	0.0348095	0.15445	0.152231
GCA	31	0	-1.98258	1.68925	-0	0	0.020695	0	0
AAG	32	0	-1.74184	1.30703	-0	0	0.0160501	0	0
CG	33	0	-2.59	2.86198	-0	0	0.0348095	0	0
G	34	0	-2.91295	2.79765	-0	0.16129	0.254301	0.634249	0.630342
T	35	0	-3.00975	2.95891	-0	0.150538	0.24552	0.613139	0.609145
TT	36	0	-2.19434	1.91073	-0	0.0215054	0.0595954	0.360856	0.356923
CCA	37	0	-2.06556	1.832	-0	0	0.022424	0	0
TGT	38	0	-1.77542	1.35747	-0	0	0.0166644	0	0
CCA	39	0	-2.06556	1.832	-0	0	0.022424	0	0
CA	40	0	-2.40363	2.19366	-0	0.0322581	0.0800984	0.40273	0.398625
AGG	41	0	-1.93191	1.60485	-0	0	0.0196712	0	0
CAT	42	0	-1.86418	1.49533	-0	0	0.0183411	0	0
AG	43	0	-2.50114	2.38422	-0	0.0215054	0.0675232	0.318489	0.31479
G	44	0	-2.40782	2.08195	-0	0.177419	0.254301	0.697674	0.694118
GTG	45	0	-1.80744	1.40645	-0	0	0.0172604	0	0
GG	46	0	-2.45795	2.29302	-0	0.0268817	0.0740842	0.362854	0.358911
AA	47	0	-2.95737	3.47156	-0	0.00537634	0.0546747	0.0983333	0.096828
GG	48	0	-3.29783	4.11724	-0	0.0107527	0.0740842	0.145141	0.143033
TG	49	0	-2.62887	2.57324	-0	0.0268817	0.0788227	0.34104	0.337209
GG	50	0	-3.57779	5.01679	0.727024	0.00537634	0.0740842	0.0725707	0.0714286
T	51	0	-2.3283	1.98417	-0	0.172043	0.24552	0.70073	0.697194
TCA	52	0	-1.97331	1.67366	-0	0	0.0205058	0	0
GT	53	0	-1.95052	1.58106	-0	0.0215054	0.0537634	0.4	0.395904
TG	54	0	-1.81254	1.41284	-0	0.0430108	0.0788227	0.545665	0.541424
TGC	55	0	-2.0281	1.76687	-0	0	0.0216355	0	0
TA	56	0	-1.99	1.64669	-0	0.0107527	0.0390013	0.275701	0.2723
TCA	57	0	-1.97331	1.67366	-0	0	0.0205058	0	0
CTG	58	0	-1.72121	1.29289	-0	0.00537634	0.02513	0.213941	0.179811
GT	59	0	-1.95052	1.58106	-0	0.0215054	0.0537634	0.4	0.395904
T	60	0	-1.98757	1.58842	-0	0.182796	0.24552	0.744526	0.741316
