#kmer	position	shift	statistics	p-value	corrected.p	frac.obs	frac.exp	obs/exp	local.r
TNA	1	0	4.35986	4.35405	-0	0.129032	0.05571	2.31614	0.0413708
TNA	2	0	5.63861	6.25026	1.79353	0.150538	0.05571	2.70216	0.0486029
AA	3	0	4.78317	4.94118	0.484445	0.134409	0.0546747	2.45833	0.0432445
ANCC	4	0	6.3178	6.24306	1.78633	0.0752688	0.016412	4.58621	0.0870296
ANCA	5	0	4.11466	3.7272	-0	0.0645161	0.0211281	3.05357	0.0562995
CCAG	6	0	4.27427	3.53718	-0	0.0322581	0.00669685	4.8169	0.0918114
CACT	7	0	4.064	3.29038	-0	0.0268817	0.00528202	5.08929	0.0975121
AGCT	8	0	3.24072	2.62045	-0	0.0215054	0.00490473	4.38462	0.0828853
GTCA	9	0	4.9763	3.9526	-0	0.0268817	0.00396152	6.78571	0.134409
TNAT	10	0	4.05101	3.53488	-0	0.0483871	0.013771	3.5137	0.0653402
TTGC	11	0	4.9763	3.9526	-0	0.0268817	0.00396152	6.78571	0.134409
AT	12	0	4.33408	4.29858	-0	0.123656	0.0526699	2.34775	0.0412186
TACA	13	0	4.08982	3.21644	-0	0.0215054	0.00358423	6	0.117015
CACG	14	0	4.79493	3.68091	-0	0.0215054	0.00282965	7.6	0.153019
CTNG	15	0	3.49852	3.04465	-0	0.0537634	0.0188644	2.85	0.0523486
GGNT	16	0	3.53319	3.04868	-0	0.0483871	0.0159404	3.0355	0.0559476
GGCC	17	0	3.76223	3.06252	-0	0.0268817	0.00584795	4.59677	0.0872477
GGNT	18	0	3.53319	3.04868	-0	0.0483871	0.0159404	3.0355	0.0559476
TAG	19	0	3.55253	2.9521	-0	0.0322581	0.0084353	3.82418	0.0702087
AGT	20	0	5.26867	4.8547	0.397966	0.0591398	0.0139043	4.25333	0.0787112
GT	21	0	4.22614	4.16062	-0	0.123656	0.0537634	2.3	0.0403463
ANGG	22	0	4.42892	4.0052	-0	0.0591398	0.0170723	3.46409	0.064358
GACT	23	0	3.25956	2.5865	-0	0.016129	0.0030183	5.34375	0.102892
GGTT	24	0	5.71077	4.45312	-0	0.0268817	0.00320694	8.38235	0.171487
ATGT	25	0	3.94468	3.11724	-0	0.0215054	0.00377287	5.7	0.110514
GCNG	26	0	3.51661	3.06209	-0	0.0537634	0.01877	2.86432	0.0526256
AATA	27	0	3.8722	2.97421	-0	0.016129	0.00235805	6.84	0.13563
ATA	28	0	4.62285	3.99584	-0	0.0430108	0.00973304	4.41905	0.0820308
GT	29	0	3.90105	3.73582	-0	0.11828	0.0537634	2.2	0.0385242
ANNG	30	0	5.26875	5.74302	1.28629	0.155914	0.062441	2.49698	0.0455673
CANA	31	0	4.15585	3.72886	-0	0.0591398	0.0182984	3.23196	0.0597861
TNAG	32	0	5.69843	5.38272	0.92599	0.0645161	0.0145256	4.44156	0.0840527
GAG	33	0	6.7453	6.93849	2.48176	0.0860215	0.0188172	4.57143	0.0851015
AG	34	0	6.26522	7.4646	3.00787	0.182796	0.0675232	2.70715	0.047832
G	35	0	6.34788	9.14087	4.68414	0.456989	0.254301	1.79704	0.0307094
TGTC	36	0	6.05176	4.88382	0.427089	0.0322581	0.00405584	7.95349	0.16129
AGAG	37	0	5.87674	4.75835	0.301619	0.0322581	0.00424448	7.6	0.153019
GNCC	38	0	4.03749	3.6094	-0	0.0591398	0.0188644	3.135	0.0578881
ANCC	39	0	2.85516	2.40938	-0	0.0430108	0.016412	2.62069	0.0479337
GTGC	40	0	3.95882	3.21141	-0	0.0268817	0.00547067	4.91379	0.0938324
CNTA	41	0	4.40952	3.73033	-0	0.0376344	0.00830032	4.53409	0.0859551
CCTT	42	0	4.47592	3.59467	-0	0.0268817	0.00462177	5.81633	0.113025
C	43	0	3.09613	2.99207	-0	0.370968	0.270161	1.37313	0.0232957
TNNC	44	0	3.82575	3.67421	-0	0.129032	0.0615922	2.09495	0.0379507
GNCT	45	0	3.52184	3.09336	-0	0.0591398	0.0215997	2.73799	0.0501874
CATC	46	0	4.32037	3.57396	-0	0.0322581	0.00660253	4.88571	0.093246
CNNC	47	0	8.17579	11.5823	7.12556	0.252688	0.0852669	2.9635	0.0545476
CNNC	48	0	8.17579	11.5823	7.12556	0.252688	0.0852669	2.9635	0.0545476
TCG	49	0	5.73457	5.09514	0.638408	0.0483871	0.00889878	5.4375	0.102892
CG	50	0	5.81054	6.16223	1.7055	0.112903	0.0348095	3.24346	0.057859
GCCG	51	0	5.25364	3.96717	-0	0.0215054	0.00245237	8.76923	0.180841
TGCG	52	0	4.95116	3.59697	-0	0.016129	0.00160347	10.0588	0.213134
GG	53	0	3.98112	3.92939	-0	0.150538	0.0740842	2.03198	0.035477
GAGG	54	0	4.14097	3.43036	-0	0.0322581	0.00697982	4.62162	0.0877609
AGG	55	0	3.80858	3.37926	-0	0.0591398	0.0200222	2.9537	0.05337
AAGA	56	0	4.16634	3.26825	-0	0.0215054	0.00348991	6.16216	0.12056
GACG	57	0	5.98899	4.40029	-0	0.0215054	0.00198076	10.8571	0.234029
ACG	58	0	4.11134	3.40653	-0	0.0322581	0.00704486	4.57895	0.0852535
CG	59	0	2.61034	2.22806	-0	0.0698925	0.0348095	2.00785	0.0350409
C	60	0	2.43563	2.15947	-0	0.349462	0.270161	1.29353	0.0219154
CNNC	1	0	-3.11371	3.53017	-0	0.0215054	0.0852669	0.252212	0.00442055
GC	2	0	-2.87268	3.09851	-0	0.016129	0.0698013	0.23107	0.00391071
CC	3	0	-2.51459	2.38365	-0	0.0268817	0.0756333	0.355422	0.00602802
C	4	0	-2.35306	2.00781	-0	0.193548	0.270161	0.716418	0.0120196
C	5	0	-2.68332	2.44669	-0	0.182796	0.270161	0.676617	0.0113442
CT	6	0	-2.06353	1.71283	-0	0.0376344	0.0782759	0.480792	0.00817179
TNNC	7	0	-2.27405	2.02739	-0	0.0215054	0.0615922	0.349158	0.00613019
CNG	8	0	-3.14212	3.65904	-0	0.016129	0.0778643	0.207143	0.00356496
TC	9	0	-2.56164	2.48545	-0	0.0215054	0.0691635	0.310935	0.00526953
G	10	0	-2.5762	2.30526	-0	0.172043	0.254301	0.676533	0.0113428
TNC	11	0	-1.92647	1.54597	-0	0.0322581	0.0677605	0.47606	0.00823137
TC	12	0	-2.27266	2.01183	-0	0.0268817	0.0691635	0.388669	0.00659565
C	13	0	-2.02281	1.62344	-0	0.204301	0.270161	0.756219	0.0126959
CNA	14	0	-1.64678	1.22999	-0	0.0268817	0.0542269	0.495727	0.00857434
CNNC	15	0	-2.58862	2.48482	-0	0.0322581	0.0852669	0.378319	0.00664559
ANC	16	0	-1.6826	1.27038	-0	0.0322581	0.0620133	0.520179	0.00900112
CAG	17	0	-1.81817	1.41957	-0	0.00537634	0.0269744	0.199313	0.00342974
CNNC	18	0	-2.06352	1.70925	-0	0.0430108	0.0852669	0.504425	0.00888057
ANC	19	0	-2.59466	2.57654	-0	0.016129	0.0620133	0.26009	0.00448029
GNC	20	0	-2.61846	2.5829	-0	0.0215054	0.0707267	0.304063	0.00524176
C	21	0	-3.01357	2.94338	-0	0.172043	0.270161	0.636816	0.0106698
GNNA	22	0	-2.12967	1.81932	-0	0.0215054	0.0580079	0.370732	0.00651145
TNNA	23	0	-1.93738	1.56148	-0	0.0268817	0.0608376	0.44186	0.0077705
GC	24	0	-1.72166	1.31348	-0	0.0376344	0.0698013	0.539165	0.00917308
CG	25	0	-2.18997	1.97503	-0	0.00537634	0.0348095	0.15445	0.00261056
GNG	26	0	-2.44057	2.2855	-0	0.0215054	0.0659066	0.326301	0.00562729
ANG	27	0	-2.09216	1.76761	-0	0.0215054	0.0571005	0.376623	0.00650081
C	28	0	-3.01357	2.94338	-0	0.172043	0.270161	0.636816	0.0106698
A	29	0	-2.40147	2.08233	-0	0.155914	0.230018	0.677834	0.0113649
CG	30	0	-2.18997	1.97503	-0	0.00537634	0.0348095	0.15445	0.00261056
GNNG	31	0	-2.77712	2.91265	-0	0.016129	0.0670628	0.240506	0.00421451
ANNT	32	0	-2.3136	2.10698	-0	0.016129	0.0547067	0.294828	0.00517135
CNA	33	0	-2.29433	2.07691	-0	0.016129	0.0542269	0.297436	0.00512693
G	34	0	-2.91295	2.79765	-0	0.16129	0.254301	0.634249	0.0106263
T	35	0	-3.00975	2.95891	-0	0.150538	0.24552	0.613139	0.010269
CNNC	36	0	-2.32607	2.06837	-0	0.0376344	0.0852669	0.441372	0.00776183
TNC	37	0	-2.21821	1.93361	-0	0.0268817	0.0677605	0.396717	0.00685003
ANNA	38	0	-2.02333	1.67525	-0	0.0215054	0.0554612	0.387755	0.00681249
TNT	39	0	-2.22545	1.94389	-0	0.0268817	0.0679459	0.395634	0.00683121
CA	40	0	-2.40363	2.19366	-0	0.0322581	0.0800984	0.40273	0.0068359
TNT	41	0	-2.51681	2.4102	-0	0.0215054	0.0679459	0.316508	0.00545747
TNC	42	0	-1.92647	1.54597	-0	0.0322581	0.0677605	0.47606	0.00823137
AG	43	0	-2.50114	2.38422	-0	0.0215054	0.0675232	0.318489	0.00539823
G	44	0	-2.40782	2.08195	-0	0.177419	0.254301	0.697674	0.0117015
GNNG	45	0	-1.8977	1.51155	-0	0.0322581	0.0670628	0.481013	0.00846488
GG	46	0	-2.45795	2.29302	-0	0.0268817	0.0740842	0.362854	0.00615485
AA	47	0	-2.95737	3.47156	-0	0.00537634	0.0546747	0.0983333	0.00166047
GG	48	0	-3.29783	4.11724	-0	0.0107527	0.0740842	0.145141	0.00245283
GNT	49	0	-2.61115	2.65671	-0	0.0107527	0.0540415	0.198971	0.00342383
GG	50	0	-3.57779	5.01679	0.560061	0.00537634	0.0740842	0.0725707	0.00122491
TNNC	51	0	-3.18901	4.01432	-0	0.00537634	0.0615922	0.0872894	0.0015255
TA	52	0	-1.99	1.64669	-0	0.0107527	0.0390013	0.275701	0.00466959
GT	53	0	-1.95052	1.58106	-0	0.0215054	0.0537634	0.4	0.00678924
TG	54	0	-1.81254	1.41284	-0	0.0430108	0.0788227	0.545665	0.0092847
TG	55	0	-1.81254	1.41284	-0	0.0430108	0.0788227	0.545665	0.0092847
CNC	56	0	-2.04275	1.69035	-0	0.0322581	0.070634	0.456693	0.00789384
TNNG	57	0	-1.85693	1.46435	-0	0.0268817	0.0589511	0.456	0.00802116
CTG	58	0	-1.94331	1.59416	-0	0.00537634	0.0294772	0.18239	0.00313761
GT	59	0	-1.95052	1.58106	-0	0.0215054	0.0537634	0.4	0.00678924
T	60	0	-1.98757	1.58842	-0	0.182796	0.24552	0.744526	0.0124971
