#kmer	position	shift	statistics	p-value	corrected.p	frac.obs	frac.exp	obs/exp	local.r
CTGG	1	0	5.02332	3.98554	-0	0.0268817	0.00390625	6.88172	2.94737
TNA	2	0	4.9602	5.26917	0.812438	0.150538	0.0625	2.4086	2.78534
AA	3	0	4.05146	3.97467	-0	0.134409	0.0625	2.15054	2.52174
ANCC	4	0	6.55891	6.50822	2.05149	0.0752688	0.015625	4.8172	4.9
ANCA	5	0	5.37646	5.04744	0.590706	0.0645161	0.015625	4.12903	3.16981
CCAG	6	0	6.19879	4.98796	0.53123	0.0322581	0.00390625	8.25806	5.16923
CA	7	0	4.65729	4.82034	0.363611	0.145161	0.0625	2.32258	1.83803
CCA	8	0	3.60278	3.1138	-0	0.0483871	0.015625	3.09677	2.3972
GTCA	9	0	5.02332	3.98554	-0	0.0268817	0.00390625	6.88172	7.56757
TCA	10	0	4.78523	4.3663	-0	0.0591398	0.015625	3.78495	2.79911
CACA	11	0	5.02332	3.98554	-0	0.0268817	0.00390625	6.88172	4.91228
CAGT	12	0	5.02332	3.98554	-0	0.0268817	0.00390625	6.88172	4.44444
GCAC	13	0	3.84784	3.05041	-0	0.0215054	0.00390625	5.50538	4.30769
CAC	14	0	3.60278	3.1138	-0	0.0483871	0.015625	3.09677	2.565
TGGG	15	0	5.02332	3.98554	-0	0.0268817	0.00390625	6.88172	3.88889
GGCT	16	0	5.02332	3.98554	-0	0.0268817	0.00390625	6.88172	4.82759
GGCC	17	0	5.02332	3.98554	-0	0.0268817	0.00390625	6.88172	4.91228
GGCT	18	0	5.02332	3.98554	-0	0.0268817	0.00390625	6.88172	4.82759
CAGT	19	0	5.02332	3.98554	-0	0.0268817	0.00390625	6.88172	4.44444
AGT	20	0	4.78523	4.3663	-0	0.0591398	0.015625	3.78495	4.51079
GT	21	0	3.44564	3.20128	-0	0.123656	0.0625	1.97849	2.35273
ANGG	22	0	4.78523	4.3663	-0	0.0591398	0.015625	3.78495	3.62353
CTNC	23	0	3.60278	3.1138	-0	0.0483871	0.015625	3.09677	1.91635
GGNT	24	0	4.78523	4.3663	-0	0.0591398	0.015625	3.78495	3.89873
CTCT	25	0	5.02332	3.98554	-0	0.0268817	0.00390625	6.88172	4.44444
CNTC	26	0	4.19401	3.7209	-0	0.0537634	0.015625	3.44086	2.36287
CAG	27	0	4.19401	3.7209	-0	0.0537634	0.015625	3.44086	2.02847
TCTT	28	0	5.02332	3.98554	-0	0.0268817	0.00390625	6.88172	6.22222
CAGG	29	0	5.02332	3.98554	-0	0.0268817	0.00390625	6.88172	4
ANNG	30	0	5.26311	5.73477	1.27804	0.155914	0.0625	2.49462	2.56556
CANA	31	0	4.78523	4.3663	-0	0.0591398	0.015625	3.78495	3.36612
TNAG	32	0	5.37646	5.04744	0.590706	0.0645161	0.015625	4.12903	4.73239
GAG	33	0	7.74136	8.08831	3.63158	0.0860215	0.015625	5.50538	4.87701
AG	34	0	6.77768	8.30159	3.84486	0.182796	0.0625	2.92473	2.78925
G	35	0	6.51934	9.53421	5.07748	0.456989	0.25	1.82796	1.82165
TGTC	36	0	6.19879	4.98796	0.53123	0.0322581	0.00390625	8.25806	9.08108
AGAG	37	0	6.19879	4.98796	0.53123	0.0322581	0.00390625	8.25806	8.61538
GNCC	38	0	4.78523	4.3663	-0	0.0591398	0.015625	3.78495	3.25926
GCC	39	0	3.60278	3.1138	-0	0.0483871	0.015625	3.09677	2.25991
CC	40	0	4.35437	4.3887	-0	0.139785	0.0625	2.23656	1.87562
TGC	41	0	4.19401	3.7209	-0	0.0537634	0.015625	3.44086	2.60274
CCTT	42	0	5.02332	3.98554	-0	0.0268817	0.00390625	6.88172	6.36364
C	43	0	3.81	4.03192	-0	0.370968	0.25	1.48387	1.38187
TNNC	44	0	3.74855	3.57871	-0	0.129032	0.0625	2.06452	2.13672
GNCT	45	0	4.78523	4.3663	-0	0.0591398	0.015625	3.78495	2.82569
CNNC	46	0	5.26311	5.73477	1.27804	0.155914	0.0625	2.49462	1.856
CNNC	47	0	10.7155	16	11.5433	0.252688	0.0625	4.04301	3.07118
CNNC	48	0	10.7155	16	11.5433	0.252688	0.0625	4.04301	3.07118
CNNC	49	0	5.26311	5.73477	1.27804	0.155914	0.0625	2.49462	1.856
CNNC	50	0	6.17185	7.22848	2.77175	0.172043	0.0625	2.75269	2.05505
C	51	0	4.318	4.8829	0.426172	0.387097	0.25	1.54839	1.44343
GGG	52	0	4.19401	3.7209	-0	0.0537634	0.015625	3.44086	2.59091
GG	53	0	4.9602	5.26917	0.812438	0.150538	0.0625	2.4086	2.06879
GAGG	54	0	6.19879	4.98796	0.53123	0.0322581	0.00390625	8.25806	4.94118
AGG	55	0	4.78523	4.3663	-0	0.0591398	0.015625	3.78495	3.05854
GG	56	0	3.44564	3.20128	-0	0.123656	0.0625	1.97849	1.68861
GANG	57	0	4.78523	4.3663	-0	0.0591398	0.015625	3.78495	3.60234
GNC	58	0	3.44564	3.20128	-0	0.123656	0.0625	1.97849	1.77162
CC	59	0	2.83981	2.50403	-0	0.112903	0.0625	1.80645	1.50556
C	60	0	3.13267	3.02862	-0	0.349462	0.25	1.39785	1.3
ANC	1	0	-2.61262	2.60854	-0	0.016129	0.0625	0.258065	0.256757
CG	2	0	-2.61262	2.60854	-0	0.016129	0.0625	0.258065	0.459103
CC	3	0	-2.0068	1.64864	-0	0.0268817	0.0625	0.430108	0.351515
GNNT	4	0	-2.0068	1.64864	-0	0.0268817	0.0625	0.430108	0.446571
CNT	5	0	-2.30971	2.08103	-0	0.0215054	0.0625	0.344086	0.322489
CG	6	0	-2.0068	1.64864	-0	0.0268817	0.0625	0.430108	0.769231
TNNC	7	0	-2.30971	2.08103	-0	0.0215054	0.0625	0.344086	0.345146
CG	8	0	-2.61262	2.60854	-0	0.016129	0.0625	0.258065	0.459103
CG	9	0	-2.30971	2.08103	-0	0.0215054	0.0625	0.344086	0.613757
G	10	0	-2.45534	2.14508	-0	0.172043	0.25	0.688172	0.672844
TNC	11	0	-1.70389	1.293	-0	0.0322581	0.0625	0.516129	0.471724
TNA	12	0	-2.30971	2.08103	-0	0.0215054	0.0625	0.344086	0.38191
CG	13	0	-2.91554	3.25974	-0	0.0107527	0.0625	0.172043	0.305263
CNA	14	0	-2.0068	1.64864	-0	0.0268817	0.0625	0.430108	0.491379
GNT	15	0	-2.0068	1.64864	-0	0.0268817	0.0625	0.430108	0.49308
AA	16	0	-2.0068	1.64864	-0	0.0268817	0.0625	0.430108	0.487395
ANC	17	0	-1.70389	1.293	-0	0.0322581	0.0625	0.516129	0.515837
TA	18	0	-2.91554	3.25974	-0	0.0107527	0.0625	0.172043	0.2723
ANC	19	0	-2.61262	2.60854	-0	0.016129	0.0625	0.258065	0.256757
CG	20	0	-2.30971	2.08103	-0	0.0215054	0.0625	0.344086	0.613757
CG	21	0	-2.61262	2.60854	-0	0.016129	0.0625	0.258065	0.459103
CG	22	0	-3.52136	5.21334	0.756612	0	0.0625	0	0
CG	23	0	-2.61262	2.60854	-0	0.016129	0.0625	0.258065	0.459103
AA	24	0	-1.70389	1.293	-0	0.0322581	0.0625	0.516129	0.585859
CG	25	0	-3.21845	4.08624	-0	0.00537634	0.0625	0.0860215	0.152231
GNG	26	0	-2.30971	2.08103	-0	0.0215054	0.0625	0.344086	0.322489
A	27	0	-2.45534	2.14508	-0	0.172043	0.25	0.688172	0.744773
C	28	0	-2.45534	2.14508	-0	0.172043	0.25	0.688172	0.63292
A	29	0	-2.96334	2.88038	-0	0.155914	0.25	0.623656	0.674153
CG	30	0	-3.21845	4.08624	-0	0.00537634	0.0625	0.0860215	0.152231
ANT	31	0	-2.61262	2.60854	-0	0.016129	0.0625	0.258065	0.292308
ANNT	32	0	-2.61262	2.60854	-0	0.016129	0.0625	0.258065	0.291161
CG	33	0	-3.52136	5.21334	0.756612	0	0.0625	0	0
G	34	0	-2.794	2.61943	-0	0.16129	0.25	0.645161	0.630342
TA	35	0	-2.91554	3.25974	-0	0.0107527	0.0625	0.172043	0.2723
AA	36	0	-2.30971	2.08103	-0	0.0215054	0.0625	0.344086	0.389262
ANT	37	0	-2.30971	2.08103	-0	0.0215054	0.0625	0.344086	0.390411
ANNA	38	0	-2.30971	2.08103	-0	0.0215054	0.0625	0.344086	0.383562
CNNT	39	0	-2.0068	1.64864	-0	0.0268817	0.0625	0.430108	0.430769
CG	40	0	-2.91554	3.25974	-0	0.0107527	0.0625	0.172043	0.305263
A	41	0	-2.45534	2.14508	-0	0.172043	0.25	0.688172	0.744773
TA	42	0	-2.61262	2.60854	-0	0.016129	0.0625	0.258065	0.409412
GNT	43	0	-2.61262	2.60854	-0	0.016129	0.0625	0.258065	0.294828
G	44	0	-2.286	1.93067	-0	0.177419	0.25	0.709677	0.694118
ANNG	45	0	-1.70389	1.293	-0	0.0322581	0.0625	0.516129	0.512195
GA	46	0	-2.30971	2.08103	-0	0.0215054	0.0625	0.344086	0.378467
AA	47	0	-3.21845	4.08624	-0	0.00537634	0.0625	0.0860215	0.096828
ANG	48	0	-3.21845	4.08624	-0	0.00537634	0.0625	0.0860215	0.0926829
GNT	49	0	-2.91554	3.25974	-0	0.0107527	0.0625	0.172043	0.196213
GG	50	0	-3.21845	4.08624	-0	0.00537634	0.0625	0.0860215	0.0714286
TNNC	51	0	-3.21845	4.08624	-0	0.00537634	0.0625	0.0860215	0.0858896
TA	52	0	-2.91554	3.25974	-0	0.0107527	0.0625	0.172043	0.2723
GT	53	0	-2.30971	2.08103	-0	0.0215054	0.0625	0.344086	0.395904
ANT	54	0	-2.0068	1.64864	-0	0.0268817	0.0625	0.430108	0.488851
CG	55	0	-2.0068	1.64864	-0	0.0268817	0.0625	0.430108	0.769231
TA	56	0	-2.91554	3.25974	-0	0.0107527	0.0625	0.172043	0.2723
TNNG	57	0	-2.0068	1.64864	-0	0.0268817	0.0625	0.430108	0.451613
GT	58	0	-1.70389	1.293	-0	0.0322581	0.0625	0.516129	0.59589
GT	59	0	-2.30971	2.08103	-0	0.0215054	0.0625	0.344086	0.395904
T	60	0	-2.11667	1.7308	-0	0.182796	0.25	0.731183	0.741316
