#kmer	position	shift	statistics	p-value	corrected.p
T	1	0	1.22007	0.953817	-0
T	2	0	3.14186	3.07603	0.57088
T	3	0	0.846396	0.701876	-0
T	4	0	1.89762	1.53951	-0
T	5	0	1.71396	1.36383	-0
T	6	0	1.4405	1.12573	-0
T	7	0	1.7986	1.4432	-0
T	8	0	1.96994	1.61221	-0
T	9	0	1.58935	1.25188	-0
C	10	0	1.05562	0.836929	-0
T	11	0	0.999519	0.799227	-0
T	12	0	0.693978	0.612881	-0
T	13	0	1.01078	0.806709	-0
T	14	0	0.878151	0.721404	-0
G	15	0	2.92789	2.76794	0.262786
T	16	0	1.07127	0.847641	-0
T	17	0	0.816837	0.684007	-0
A	18	0	0.985385	0.789902	-0
G	19	0	0.77157	0.657213	-0
T	20	0	0.572368	0.547391	-0
T	21	0	1.42455	1.1127	-0
T	22	0	1.34947	1.0526	-0
G	23	0	2.1353	1.786	-0
G	24	0	1.26531	0.98767	-0
G	25	0	2.02276	1.66658	-0
G	26	0	2.6477	2.39232	-0
T	27	0	1.36796	1.06721	-0
G	28	0	1.45241	1.13553	-0
G	29	0	1.24405	0.971672	-0
C	30	0	0.689852	0.610579	-0
G	31	0	2.01998	1.66368	-0
T	32	0	0.86141	0.711067	-0
G	33	0	1.47756	1.15638	-0
G	34	0	2.99868	2.86782	0.362668
T	35	0	0.518541	0.519935	-0
G	36	0	2.25578	1.9193	-0
A	37	0	1.7191	1.36858	-0
G	38	0	3.40802	3.48521	0.980064
G	39	0	1.89197	1.53391	-0
G	40	0	2.52425	2.23677	-0
T	41	0	1.8201	1.4638	-0
A	42	0	0.48321	0.502416	-0
A	43	0	1.37486	1.07269	-0
C	44	0	0.868333	0.71533	-0
T	45	0	1.48467	1.16232	-0
G	46	0	0.820684	0.686316	-0
C	47	0	2.26408	1.92868	-0
C	48	0	2.16666	1.82015	-0
A	49	0	1.28938	1.00597	-0
A	50	0	1.13383	0.891324	-0
C	51	0	1.32152	1.03075	-0
T	52	0	0.935593	0.757604	-0
T	53	0	2.44427	2.13922	-0
T	54	0	1.41362	1.10382	-0
T	55	0	2.05554	1.70085	-0
C	56	0	1.26909	0.990532	-0
T	57	0	2.06435	1.71013	-0
T	58	0	2.09054	1.73791	-0
T	59	0	1.35751	1.05894	-0
T	60	0	3.17151	3.1202	0.615047
T	61	0	0.517994	0.519661	-0
A	62	0	1.55667	1.22348	-0
T	63	0	2.04116	1.68577	-0
A	64	0	2.38709	2.07104	-0
T	65	0	1.66334	1.31765	-0
A	66	0	1.52928	1.19999	-0
T	67	0	1.96038	1.60248	-0
T	68	0	3.43988	3.53614	1.03099
A	69	0	2.4121	2.10071	-0
T	70	0	0.991844	0.794155	-0
A	71	0	1.45574	1.13827	-0
A	72	0	2.30711	1.97781	-0
A	73	0	0.819017	0.685315	-0
T	74	0	3.51336	3.65515	1.15
T	75	0	1.91494	1.55674	-0
A	76	0	1.12383	0.884249	-0
T	77	0	1.28764	1.00465	-0
T	78	0	1.10408	0.87038	-0
C	79	0	0.904435	0.737828	-0
A	80	0	1.19532	0.935615	-0
A	1	0	-0.81358	0.682056	-0
C	2	0	-1.69639	1.3477	-0
C	3	0	-1.0273	0.817759	-0
G	4	0	-1.755	1.40198	-0
G	5	0	-2.91011	2.74316	0.238011
A	6	0	-1.14505	0.899308	-0
G	7	0	-1.70748	1.35787	-0
G	8	0	-0.761913	0.651586	-0
C	9	0	-1.33152	1.03854	-0
G	10	0	-1.28481	1.00248	-0
C	11	0	-1.55357	1.22081	-0
A	12	0	-1.21074	0.946934	-0
C	13	0	-1.05842	0.838832	-0
C	14	0	-1.08154	0.854718	-0
A	15	0	-2.05471	1.69998	-0
A	16	0	-1.55981	1.2262	-0
C	17	0	-0.544696	0.53316	-0
T	18	0	-0.817942	0.68467	-0
T	19	0	-0.827384	0.690349	-0
C	20	0	-0.911531	0.742303	-0
C	21	0	-1.89825	1.54013	-0
C	22	0	-1.47324	1.15278	-0
C	23	0	-1.50718	1.18123	-0
T	24	0	-1.37072	1.0694	-0
C	25	0	-1.53655	1.2062	-0
A	26	0	-1.76789	1.4141	-0
C	27	0	-2.35003	2.02752	-0
A	28	0	-0.977451	0.784699	-0
C	29	0	-1.49609	1.17189	-0
A	30	0	-0.635125	0.580584	-0
A	31	0	-1.50436	1.17885	-0
C	32	0	-1.75989	1.40657	-0
C	33	0	-1.65818	1.31301	-0
C	34	0	-1.9306	1.57241	-0
A	35	0	-0.704049	0.618522	-0
A	36	0	-1.53214	1.20243	-0
G	37	0	-0.994622	0.795988	-0
A	38	0	-2.02558	1.66951	-0
T	39	0	-1.65057	1.30616	-0
C	40	0	-1.52847	1.1993	-0
G	41	0	-1.44737	1.13138	-0
C	42	0	-0.239859	0.392309	-0
T	43	0	-0.750295	0.644858	-0
T	44	0	-1.66314	1.31747	-0
A	45	0	-1.88356	1.5256	-0
A	46	0	-0.606548	0.565311	-0
A	47	0	-1.15885	0.909181	-0
G	48	0	-2.40284	2.08968	-0
G	49	0	-1.98587	1.62849	-0
C	50	0	-1.01937	0.812441	-0
G	51	0	-1.28881	1.00554	-0
G	52	0	-1.39732	1.09066	-0
G	53	0	-2.42342	2.11421	-0
G	54	0	-0.860971	0.710797	-0
A	55	0	-1.65544	1.31053	-0
G	56	0	-1.95249	1.59448	-0
C	57	0	-0.897685	0.733588	-0
C	58	0	-1.77434	1.42018	-0
G	59	0	-0.900305	0.735232	-0
G	60	0	-1.87997	1.52207	-0
G	61	0	-0.538088	0.529798	-0
G	62	0	-2.58499	2.31255	-0
A	63	0	-1.21755	0.951957	-0
T	64	0	-1.66978	1.32348	-0
G	65	0	-1.83121	1.47451	-0
G	66	0	-1.76274	1.40925	-0
C	67	0	-0.712931	0.623525	-0
C	68	0	-2.01785	1.66147	-0
C	69	0	-2.92619	2.76556	0.260409
C	70	0	-2.28277	1.94993	-0
G	71	0	-0.992189	0.794383	-0
G	72	0	-1.52299	1.19463	-0
C	73	0	-0.760072	0.650517	-0
G	74	0	-2.47192	2.17267	-0
C	75	0	-1.25702	0.981412	-0
C	76	0	-0.788751	0.667302	-0
C	77	0	-0.951732	0.767979	-0
G	78	0	-1.21569	0.950585	-0
G	79	0	-1.49256	1.16892	-0
G	80	0	-1.29386	1.00941	-0
