#kmer	position	shift	statistics	p-value	corrected.p
T	74	0	3.51336	3.65515	1.15
T	68	0	3.43988	3.53614	1.03099
G	38	0	3.40802	3.48521	0.980064
T	60	0	3.17151	3.1202	0.615047
T	2	0	3.14186	3.07603	0.57088
G	34	0	2.99868	2.86782	0.362668
G	15	0	2.92789	2.76794	0.262786
C	69	0	-2.92619	2.76556	0.260409
G	5	0	-2.91011	2.74316	0.238011
G	26	0	2.6477	2.39232	-0
G	62	0	-2.58499	2.31255	-0
G	40	0	2.52425	2.23677	-0
G	74	0	-2.47192	2.17267	-0
T	53	0	2.44427	2.13922	-0
G	53	0	-2.42342	2.11421	-0
A	69	0	2.4121	2.10071	-0
G	48	0	-2.40284	2.08968	-0
A	64	0	2.38709	2.07104	-0
C	27	0	-2.35003	2.02752	-0
A	72	0	2.30711	1.97781	-0
C	70	0	-2.28277	1.94993	-0
C	47	0	2.26408	1.92868	-0
G	36	0	2.25578	1.9193	-0
C	48	0	2.16666	1.82015	-0
G	23	0	2.1353	1.786	-0
T	58	0	2.09054	1.73791	-0
T	57	0	2.06435	1.71013	-0
T	55	0	2.05554	1.70085	-0
A	15	0	-2.05471	1.69998	-0
T	63	0	2.04116	1.68577	-0
A	38	0	-2.02558	1.66951	-0
G	25	0	2.02276	1.66658	-0
G	31	0	2.01998	1.66368	-0
C	68	0	-2.01785	1.66147	-0
G	49	0	-1.98587	1.62849	-0
T	8	0	1.96994	1.61221	-0
T	67	0	1.96038	1.60248	-0
G	56	0	-1.95249	1.59448	-0
C	34	0	-1.9306	1.57241	-0
T	75	0	1.91494	1.55674	-0
C	21	0	-1.89825	1.54013	-0
T	4	0	1.89762	1.53951	-0
G	39	0	1.89197	1.53391	-0
A	45	0	-1.88356	1.5256	-0
G	60	0	-1.87997	1.52207	-0
G	65	0	-1.83121	1.47451	-0
T	41	0	1.8201	1.4638	-0
T	7	0	1.7986	1.4432	-0
T	38	0	-1.77872	1.42432	-0
C	58	0	-1.77434	1.42018	-0
A	26	0	-1.76789	1.4141	-0
G	66	0	-1.76274	1.40925	-0
C	32	0	-1.75989	1.40657	-0
G	4	0	-1.755	1.40198	-0
A	37	0	1.7191	1.36858	-0
T	5	0	1.71396	1.36383	-0
A	5	0	1.71175	1.36179	-0
G	7	0	-1.70748	1.35787	-0
C	2	0	-1.69639	1.3477	-0
T	64	0	-1.66978	1.32348	-0
T	65	0	1.66334	1.31765	-0
T	44	0	-1.66314	1.31747	-0
C	33	0	-1.65818	1.31301	-0
A	55	0	-1.65544	1.31053	-0
T	39	0	-1.65057	1.30616	-0
G	2	0	-1.62235	1.28096	-0
T	9	0	1.58935	1.25188	-0
A	34	0	-1.56155	1.2277	-0
A	16	0	-1.55981	1.2262	-0
A	62	0	1.55667	1.22348	-0
C	11	0	-1.55357	1.22081	-0
C	25	0	-1.53655	1.2062	-0
A	36	0	-1.53214	1.20243	-0
A	25	0	-1.52984	1.20046	-0
A	66	0	1.52928	1.19999	-0
C	40	0	-1.52847	1.1993	-0
G	72	0	-1.52299	1.19463	-0
C	23	0	-1.50718	1.18123	-0
A	31	0	-1.50436	1.17885	-0
C	29	0	-1.49609	1.17189	-0
G	79	0	-1.49256	1.16892	-0
T	45	0	1.48467	1.16232	-0
G	33	0	1.47756	1.15638	-0
C	22	0	-1.47324	1.15278	-0
A	71	0	1.45574	1.13827	-0
G	28	0	1.45241	1.13553	-0
G	41	0	-1.44737	1.13138	-0
T	6	0	1.4405	1.12573	-0
T	21	0	1.42455	1.1127	-0
T	54	0	1.41362	1.10382	-0
G	52	0	-1.39732	1.09066	-0
A	43	0	1.37486	1.07269	-0
T	24	0	-1.37072	1.0694	-0
T	27	0	1.36796	1.06721	-0
T	40	0	-1.3582	1.05948	-0
T	59	0	1.35751	1.05894	-0
G	27	0	1.34978	1.05285	-0
T	22	0	1.34947	1.0526	-0
C	9	0	-1.33152	1.03854	-0
C	51	0	1.32152	1.03075	-0
T	51	0	1.30786	1.02018	-0
G	80	0	-1.29386	1.00941	-0
A	49	0	1.28938	1.00597	-0
G	51	0	-1.28881	1.00554	-0
T	77	0	1.28764	1.00465	-0
G	10	0	-1.28481	1.00248	-0
A	22	0	1.28356	1.00153	-0
C	74	0	-1.27988	0.998725	-0
C	56	0	1.26909	0.990532	-0
G	24	0	1.26531	0.98767	-0
G	68	0	-1.26156	0.984834	-0
C	75	0	-1.25702	0.981412	-0
G	29	0	1.24405	0.971672	-0
T	1	0	1.22007	0.953817	-0
A	63	0	-1.21755	0.951957	-0
G	78	0	-1.21569	0.950585	-0
A	12	0	-1.21074	0.946934	-0
A	23	0	-1.20926	0.945839	-0
T	26	0	-1.19712	0.936929	-0
A	80	0	1.19532	0.935615	-0
A	47	0	-1.15885	0.909181	-0
A	27	0	-1.15114	0.903658	-0
A	6	0	-1.14505	0.899308	-0
G	58	0	-1.135	0.89215	-0
A	50	0	1.13383	0.891324	-0
C	38	0	-1.12691	0.886424	-0
A	76	0	1.12383	0.884249	-0
A	51	0	-1.10754	0.872795	-0
T	78	0	1.10408	0.87038	-0
C	65	0	1.10341	0.869909	-0
C	15	0	-1.0998	0.867391	-0
C	14	0	-1.08154	0.854718	-0
T	16	0	1.07127	0.847641	-0
C	13	0	-1.05842	0.838832	-0
C	10	0	1.05562	0.836929	-0
T	49	0	1.04545	0.830007	-0
C	3	0	-1.0273	0.817759	-0
C	50	0	-1.01937	0.812441	-0
T	13	0	1.01078	0.806709	-0
T	11	0	0.999519	0.799227	-0
G	37	0	-0.994622	0.795988	-0
G	71	0	-0.992189	0.794383	-0
T	70	0	0.991844	0.794155	-0
A	18	0	0.985385	0.789902	-0
G	64	0	-0.97777	0.784907	-0
A	28	0	-0.977451	0.784699	-0
T	62	0	0.967571	0.778249	-0
T	34	0	-0.963542	0.775628	-0
C	77	0	-0.951732	0.767979	-0
A	11	0	0.948186	0.765692	-0
C	41	0	0.943427	0.762629	-0
T	52	0	0.935593	0.757604	-0
T	66	0	0.919595	0.747409	-0
C	20	0	-0.911531	0.742303	-0
C	79	0	0.904435	0.737828	-0
G	59	0	-0.900305	0.735232	-0
C	57	0	-0.897685	0.733588	-0
G	22	0	-0.887197	0.72703	-0
T	14	0	0.878151	0.721404	-0
C	44	0	0.868333	0.71533	-0
T	36	0	-0.863778	0.712523	-0
T	32	0	0.86141	0.711067	-0
G	54	0	-0.860971	0.710797	-0
T	3	0	0.846396	0.701876	-0
C	59	0	-0.843308	0.699996	-0
G	57	0	-0.838769	0.697238	-0
T	19	0	-0.827384	0.690349	-0
C	45	0	0.82256	0.687444	-0
G	46	0	0.820684	0.686316	-0
A	73	0	0.819017	0.685315	-0
T	18	0	-0.817942	0.68467	-0
T	17	0	0.816837	0.684007	-0
A	1	0	-0.81358	0.682056	-0
A	65	0	-0.812661	0.681506	-0
G	75	0	-0.812464	0.681388	-0
G	32	0	0.803516	0.676051	-0
C	76	0	-0.788751	0.667302	-0
A	58	0	0.787153	0.666359	-0
C	63	0	-0.780838	0.662643	-0
G	19	0	0.77157	0.657213	-0
G	8	0	-0.761913	0.651586	-0
C	73	0	-0.760072	0.650517	-0
C	55	0	-0.75824	0.649454	-0
A	39	0	-0.756756	0.648594	-0
T	43	0	-0.750295	0.644858	-0
A	24	0	-0.739233	0.638494	-0
C	24	0	0.7349	0.636012	-0
G	50	0	0.722061	0.628695	-0
C	67	0	-0.712931	0.623525	-0
C	8	0	-0.706186	0.619723	-0
A	35	0	-0.704049	0.618522	-0
T	12	0	0.693978	0.612881	-0
A	10	0	0.690854	0.611138	-0
C	30	0	0.689852	0.610579	-0
C	72	0	-0.684342	0.607515	-0
T	50	0	-0.675169	0.602435	-0
A	70	0	0.666963	0.597914	-0
C	60	0	-0.657344	0.592643	-0
A	13	0	-0.641375	0.58396	-0
A	30	0	-0.635125	0.580584	-0
C	31	0	-0.63025	0.577959	-0
A	56	0	0.615582	0.57011	-0
C	36	0	-0.614525	0.569547	-0
T	47	0	-0.608694	0.566448	-0
A	4	0	0.606767	0.565427	-0
A	46	0	-0.606548	0.565311	-0
G	67	0	-0.603335	0.56361	-0
G	70	0	0.603255	0.563568	-0
C	66	0	-0.594964	0.559195	-0
A	60	0	-0.591466	0.557357	-0
G	16	0	0.59098	0.557102	-0
G	13	0	0.584947	0.553942	-0
T	20	0	0.572368	0.547391	-0
C	52	0	0.571204	0.546788	-0
G	44	0	0.553899	0.537866	-0
C	17	0	-0.544696	0.53316	-0
G	61	0	-0.538088	0.529798	-0
C	28	0	-0.535719	0.528596	-0
G	3	0	0.525532	0.523449	-0
C	71	0	-0.525463	0.523414	-0
A	67	0	-0.524807	0.523083	-0
A	41	0	-0.520509	0.520922	-0
T	35	0	0.518541	0.519935	-0
T	61	0	0.517994	0.519661	-0
T	15	0	-0.514114	0.517718	-0
A	44	0	0.498696	0.510046	-0
C	43	0	-0.496627	0.509022	-0
T	31	0	-0.495516	0.508473	-0
G	17	0	-0.491809	0.506643	-0
C	53	0	-0.487515	0.50453	-0
C	80	0	0.486383	0.503973	-0
A	42	0	0.48321	0.502416	-0
A	17	0	0.474689	0.498251	-0
G	77	0	-0.472457	0.497163	-0
A	53	0	0.469021	0.495492	-0
C	64	0	0.46463	0.493362	-0
A	59	0	0.463931	0.493024	-0
G	55	0	0.459569	0.490915	-0
G	6	0	-0.456545	0.489456	-0
C	37	0	-0.445879	0.484335	-0
C	6	0	0.441501	0.482243	-0
A	2	0	0.435453	0.479364	-0
C	39	0	0.434323	0.478827	-0
G	35	0	0.41229	0.46844	-0
T	79	0	0.410953	0.467815	-0
T	73	0	0.403363	0.464275	-0
A	40	0	-0.394637	0.460227	-0
T	33	0	-0.389432	0.457824	-0
A	14	0	0.381702	0.454271	-0
G	30	0	0.37783	0.452498	-0
T	28	0	-0.372211	0.449933	-0
A	79	0	0.368826	0.448393	-0
A	21	0	0.361031	0.444859	-0
T	48	0	0.352354	0.440948	-0
G	11	0	-0.350792	0.440246	-0
T	25	0	0.339834	0.435345	-0
G	73	0	-0.339681	0.435277	-0
G	12	0	0.326157	0.429279	-0
A	3	0	-0.32609	0.429249	-0
C	12	0	0.324436	0.428519	-0
G	1	0	-0.315254	0.424484	-0
C	7	0	0.313215	0.423591	-0
A	32	0	-0.310345	0.422337	-0
C	26	0	-0.296796	0.416448	-0
A	9	0	-0.289704	0.413389	-0
A	20	0	0.284355	0.411091	-0
T	56	0	0.272719	0.406122	-0
A	54	0	-0.272601	0.406072	-0
A	68	0	-0.27046	0.405162	-0
T	30	0	-0.267676	0.403981	-0
A	8	0	-0.265685	0.403138	-0
A	57	0	-0.263804	0.402343	-0
A	78	0	0.260815	0.401081	-0
G	76	0	-0.253483	0.397997	-0
G	47	0	-0.24937	0.396274	-0
T	80	0	-0.240137	0.392425	-0
C	42	0	-0.239859	0.392309	-0
A	75	0	0.239341	0.392094	-0
C	18	0	-0.237555	0.391353	-0
C	4	0	-0.233045	0.389485	-0
G	18	0	0.221698	0.384814	-0
A	77	0	0.221011	0.384532	-0
C	46	0	-0.197494	0.374975	-0
A	33	0	-0.186827	0.370694	-0
A	29	0	-0.186817	0.37069	-0
A	48	0	0.172559	0.36502	-0
G	45	0	-0.169702	0.363891	-0
T	69	0	0.167045	0.362843	-0
A	61	0	0.160694	0.360347	-0
G	69	0	0.150412	0.35633	-0
A	7	0	0.139182	0.351979	-0
T	71	0	0.138436	0.351691	-0
A	52	0	0.136261	0.350853	-0
C	35	0	-0.131616	0.349067	-0
T	37	0	-0.12765	0.347548	-0
G	14	0	-0.127129	0.347348	-0
T	23	0	-0.120934	0.344985	-0
C	54	0	-0.106458	0.339505	-0
C	1	0	0.0995272	0.336903	-0
C	62	0	0.0974061	0.336109	-0
G	20	0	0.0966213	0.335816	-0
C	16	0	-0.0960534	0.335603	-0
C	49	0	-0.0938345	0.334775	-0
G	9	0	0.0894221	0.333133	-0
G	21	0	0.0882062	0.332681	-0
G	42	0	-0.0868364	0.332173	-0
C	19	0	0.0844379	0.331284	-0
T	10	0	0.0817695	0.330297	-0
A	74	0	0.0727118	0.326963	-0
T	46	0	0.0671472	0.324926	-0
A	19	0	-0.0489727	0.318333	-0
T	72	0	0.0278959	0.310804	-0
G	63	0	0.0251284	0.309825	-0
T	76	0	0.023538	0.309263	-0
T	29	0	-0.0188262	0.307603	-0
C	5	0	0.0152723	0.306354	-0
C	78	0	-0.0116176	0.305074	-0
C	61	0	0.0106376	0.304732	-0
T	42	0	-0.00400205	0.302419	-0
G	43	0	0.00344111	0.302224	-0
