#kmer	position	shift	statistics	p-value	corrected.p	frac.obs	frac.exp	obs/exp	local.r
GCC	1	0	5.5777	6.44231	2.62435	0.0256024	0.0119967	2.13412	2.13534
C	2	0	5.16044	6.62479	2.80683	0.210843	0.167652	1.25763	1.25779
CC	3	0	4.15541	4.443	0.625035	0.059739	0.0412282	1.44898	1.44931
C	4	0	4.32073	4.9565	1.13854	0.203815	0.167652	1.21571	1.21584
C	5	0	4.14079	4.6315	0.813541	0.202309	0.167652	1.20672	1.20685
AGA	6	0	4.65317	5.08459	1.26662	0.0341365	0.019662	1.73617	1.73681
GA	7	0	3.53776	3.56401	-0	0.101908	0.0803594	1.26815	1.26832
AG	8	0	3.03094	2.85106	-0	0.106426	0.0872604	1.21963	1.21977
ATG	9	0	2.71037	2.3758	-0	0.0220884	0.0147642	1.49608	1.49645
GAG	10	0	4.17267	4.45586	0.6379	0.0557229	0.0378759	1.4712	1.47155
AGG	11	0	4.2922	4.66991	0.851948	0.061245	0.0419627	1.45951	1.45985
GG	12	0	5.41867	7.23217	3.41421	0.240462	0.192587	1.24859	1.24875
G	13	0	6.25235	9.61203	5.79407	0.459839	0.391466	1.17466	1.17476
GGG	14	0	6.7008	9.978	6.16003	0.138052	0.0941973	1.46556	1.46591
G	15	0	8.73125	16	12.182	0.486948	0.391466	1.24391	1.24406
G	16	0	9.60346	16	12.182	0.496486	0.391466	1.26827	1.26844
AGG	17	0	7.97982	12.598	8.78003	0.0778112	0.0419627	1.85429	1.85509
G	18	0	9.41983	16	12.182	0.494478	0.391466	1.26314	1.26331
G	19	0	11.2561	16	12.182	0.514558	0.391466	1.31444	1.31465
AGG	20	0	10.997	16	12.182	0.0913655	0.0419627	2.1773	2.17859
G	21	0	12.7709	16	12.182	0.531124	0.391466	1.35676	1.357
G	22	0	17.132	16	12.182	0.578815	0.391466	1.47858	1.47894
G	23	0	12.0365	16	12.182	0.523092	0.391466	1.33624	1.33647
G	24	0	16.9484	16	12.182	0.576807	0.391466	1.47345	1.47381
G	25	0	18.0501	16	12.182	0.588855	0.391466	1.50423	1.50461
AGG	26	0	13.4554	16	12.182	0.10241	0.0419627	2.44049	2.44226
G	27	0	20.9421	16	12.182	0.620482	0.391466	1.58502	1.58549
G	28	0	21.6307	16	12.182	0.628012	0.391466	1.60426	1.60474
G	29	0	16.6729	16	12.182	0.573795	0.391466	1.46576	1.4661
G	30	0	21.3094	16	12.182	0.624498	0.391466	1.59528	1.59576
G	31	0	19.6109	16	12.182	0.605924	0.391466	1.54783	1.54826
AGG	32	0	14.7963	16	12.182	0.108434	0.0419627	2.58405	2.58611
G	33	0	20.5749	16	12.182	0.616466	0.391466	1.57476	1.57522
G	34	0	26.9558	16	12.182	0.686245	0.391466	1.75301	1.75368
G	35	0	23.1456	16	12.182	0.644578	0.391466	1.64658	1.64711
G	36	0	21.6766	16	12.182	0.628514	0.391466	1.60554	1.60603
AG	37	0	22.1643	16	12.182	0.22741	0.0872604	2.6061	2.60821
AGG	38	0	21.9481	16	12.182	0.140562	0.0419627	3.34969	3.35365
G	39	0	54.6369	16	12.182	0.988956	0.391466	2.52629	2.52823
G	40	0	54.1778	16	12.182	0.983936	0.391466	2.51346	2.51538
A	41	0	9.33421	16	12.182	0.306225	0.219641	1.39421	1.39448
AGA	42	0	7.39665	10.3913	6.57333	0.0426707	0.019662	2.17021	2.17149
CT	43	0	4.79283	5.59244	1.77448	0.0763052	0.0523804	1.45675	1.45709
A	44	0	6.35765	9.56958	5.75162	0.278614	0.219641	1.2685	1.26867
C	45	0	8.45928	15.4775	11.6595	0.238454	0.167652	1.42232	1.42262
GC	46	0	4.74835	5.52164	1.70368	0.0788153	0.0546363	1.44254	1.44287
C	47	0	7.01978	11.1929	7.37493	0.226406	0.167652	1.35045	1.35069
C	48	0	7.37966	12.2134	8.3954	0.229418	0.167652	1.36842	1.36867
TT	49	0	5.94767	7.98361	4.16565	0.0948795	0.0625985	1.51568	1.51608
T	50	0	6.92477	11.1148	7.29687	0.285643	0.221241	1.29109	1.29128
C	51	0	5.64027	7.68933	3.87137	0.214859	0.167652	1.28158	1.28176
C	52	0	6.47997	9.74433	5.92637	0.221888	0.167652	1.3235	1.32372
C	53	0	6.53995	9.90038	6.08242	0.22239	0.167652	1.3265	1.32671
C	54	0	6.53995	9.90038	6.08242	0.22239	0.167652	1.3265	1.32671
TC	55	0	6.91525	9.86376	6.04579	0.0667671	0.0373774	1.7863	1.787
C	56	0	6.9598	11.0271	7.2091	0.225904	0.167652	1.34746	1.34769
T	57	0	6.6009	10.2204	6.40239	0.282631	0.221241	1.27748	1.27765
T	58	0	5.95315	8.5449	4.72694	0.276606	0.221241	1.25025	1.25041
A	59	0	5.9247	8.47169	4.65373	0.274598	0.219641	1.25021	1.25037
AA	60	0	6.73391	9.74621	5.92825	0.0928715	0.0576928	1.60976	1.61025
A	61	0	6.57413	10.1439	6.32595	0.280622	0.219641	1.27764	1.27782
T	62	0	6.70885	10.5143	6.69636	0.283635	0.221241	1.28201	1.2822
T	63	0	5.95315	8.5449	4.72694	0.276606	0.221241	1.25025	1.25041
TT	64	0	6.87261	10.1386	6.32063	0.0998996	0.0625985	1.59588	1.59636
C	65	0	6.59993	10.0577	6.2397	0.222892	0.167652	1.32949	1.32971
C	66	0	6.83985	10.699	6.88108	0.2249	0.167652	1.34147	1.3417
C	67	0	7.01978	11.1929	7.37493	0.226406	0.167652	1.35045	1.35069
T	68	0	7.46455	12.6891	8.8711	0.290663	0.221241	1.31378	1.31399
T	69	0	7.95036	14.1912	10.3732	0.295181	0.221241	1.3342	1.33443
TT	70	0	7.05759	10.5981	6.78012	0.100904	0.0625985	1.61192	1.61241
T	71	0	7.95036	14.1912	10.3732	0.295181	0.221241	1.3342	1.33443
T	72	0	7.0867	11.5762	7.75821	0.287149	0.221241	1.2979	1.29809
TT	73	0	8.99996	15.9546	12.1366	0.111446	0.0625985	1.78033	1.78102
T	74	0	8.86799	16	12.182	0.303715	0.221241	1.37278	1.37303
AAA	75	0	6.88636	9.22845	5.41048	0.0391566	0.0184134	2.12653	2.12773
AA	76	0	7.69485	12.1743	8.35631	0.0978916	0.0576928	1.69677	1.69737
C	77	0	8.33932	15.1764	11.3585	0.23745	0.167652	1.41633	1.41662
C	78	0	8.3993	15.3525	11.5346	0.237952	0.167652	1.41932	1.41962
AA	79	0	6.06125	8.19498	4.37702	0.0893574	0.0576928	1.54885	1.54928
T	80	0	7.19466	11.889	8.07101	0.288153	0.221241	1.30244	1.30263
GG	1	0	-7.76336	15.6536	11.8356	0.123996	0.192587	0.643845	0.643729
GG	2	0	-6.68379	11.7443	7.92634	0.133534	0.192587	0.693371	0.693264
GGG	3	0	-4.34461	5.50458	1.68662	0.065763	0.0941973	0.698142	0.698036
GG	4	0	-4.63831	5.97434	2.15638	0.151606	0.192587	0.787211	0.787127
GG	5	0	-5.66105	8.57683	4.75886	0.14257	0.192587	0.740291	0.740195
G	6	0	-2.88287	2.69171	-0	0.35994	0.391466	0.919467	0.919429
GGA	7	0	-3.06557	3.11909	-0	0.0286145	0.0424647	0.673841	0.67373
G	8	0	-2.56153	2.26664	-0	0.363454	0.391466	0.928443	0.92841
TTT	9	0	-2.53866	2.33887	-0	0.0160643	0.0249331	0.644295	0.64418
GG	10	0	-2.64964	2.40511	-0	0.169177	0.192587	0.878444	0.87839
CC	11	0	-2.94431	2.92168	-0	0.0281125	0.0412282	0.681874	0.681765
C	12	0	-3.29659	3.37226	-0	0.14006	0.167652	0.835423	0.835354
AC	13	0	-3.17757	3.3444	-0	0.0210843	0.033984	0.620419	0.620301
C	14	0	-3.59649	3.88521	0.0672483	0.13755	0.167652	0.820451	0.820377
CC	15	0	-4.63472	6.602	2.78404	0.0205823	0.0412282	0.499229	0.499104
C	16	0	-5.09596	7.12464	3.30668	0.125	0.167652	0.745593	0.745497
TC	17	0	-4.6605	6.74523	2.92726	0.0175703	0.0373774	0.470078	0.469953
A	18	0	-5.00738	6.80471	2.98675	0.173193	0.219641	0.788526	0.788443
A	19	0	-5.27797	7.48299	3.66503	0.170683	0.219641	0.777098	0.777011
CC	20	0	-4.29663	5.70153	1.88356	0.0220884	0.0412282	0.535758	0.535633
AA	21	0	-5.95056	10.5215	6.7035	0.0266064	0.0576928	0.461174	0.461049
C	22	0	-7.73503	15.9546	12.1366	0.102912	0.167652	0.613841	0.613722
C	23	0	-7.55509	15.1095	11.2915	0.104418	0.167652	0.622824	0.622706
C	24	0	-7.91497	16	12.182	0.101406	0.167652	0.604858	0.604738
C	25	0	-8.69469	16	12.182	0.0948795	0.167652	0.565932	0.565808
C	26	0	-8.3948	16	12.182	0.0973896	0.167652	0.580904	0.580781
C	27	0	-9.95425	16	12.182	0.0843373	0.167652	0.50305	0.502925
C	28	0	-10.3741	16	12.182	0.0808233	0.167652	0.48209	0.481965
TT	29	0	-7.74134	16	12.182	0.0205823	0.0625985	0.328799	0.328688
A	30	0	-8.52513	16	12.182	0.140562	0.219641	0.639963	0.639848
C	31	0	-8.27484	16	12.182	0.0983936	0.167652	0.586892	0.58677
C	32	0	-8.63472	16	12.182	0.0953815	0.167652	0.568926	0.568803
C	33	0	-11.2738	16	12.182	0.0732932	0.167652	0.437175	0.437051
A	34	0	-9.12044	16	12.182	0.13504	0.219641	0.614822	0.614703
C	35	0	-9.83429	16	12.182	0.0853414	0.167652	0.509039	0.508914
T	36	0	-11.212	16	12.182	0.116968	0.221241	0.528689	0.528564
AA	37	0	-8.35292	16	12.182	0.0140562	0.0576928	0.243639	0.243547
A	38	0	-8.47101	16	12.182	0.141064	0.219641	0.642249	0.642134
A	39	0	-23.1373	16	12.182	0.00502008	0.219641	0.0228558	0.0228446
A	40	0	-23.1373	16	12.182	0.00502008	0.219641	0.0228558	0.0228446
GG	41	0	-10.9452	16	12.182	0.0958835	0.192587	0.497872	0.497746
GG	42	0	-9.52475	16	12.182	0.108434	0.192587	0.563038	0.562915
GG	43	0	-12.1384	16	12.182	0.0853414	0.192587	0.443132	0.443008
G	44	0	-10.595	16	12.182	0.275602	0.391466	0.704027	0.703922
GGG	45	0	-9.86731	16	12.182	0.0296185	0.0941973	0.31443	0.314322
GG	46	0	-10.6043	16	12.182	0.0988956	0.192587	0.513512	0.513386
G	47	0	-9.99825	16	12.182	0.282129	0.391466	0.720698	0.720597
G	48	0	-11.3754	16	12.182	0.267068	0.391466	0.682226	0.682117
G	49	0	-9.35557	16	12.182	0.289157	0.391466	0.738651	0.738554
G	50	0	-13.4871	16	12.182	0.243976	0.391466	0.623237	0.623119
G	51	0	-11.1459	16	12.182	0.269578	0.391466	0.688638	0.68853
G	52	0	-10.2278	16	12.182	0.279618	0.391466	0.714286	0.714183
G	53	0	-14.6806	16	12.182	0.230924	0.391466	0.589895	0.589773
G	54	0	-11.1918	16	12.182	0.269076	0.391466	0.687356	0.687248
G	55	0	-12.3853	16	12.182	0.256024	0.391466	0.654014	0.6539
G	56	0	-12.9821	16	12.182	0.249498	0.391466	0.637343	0.637227
G	57	0	-12.4312	16	12.182	0.255522	0.391466	0.652732	0.652618
G	58	0	-12.6608	16	12.182	0.253012	0.391466	0.64632	0.646205
G	59	0	-13.3953	16	12.182	0.24498	0.391466	0.625801	0.625684
G	60	0	-12.9362	16	12.182	0.25	0.391466	0.638625	0.638509
G	61	0	-13.6707	16	12.182	0.241968	0.391466	0.618107	0.617989
G	62	0	-14.5429	16	12.182	0.23243	0.391466	0.593742	0.593621
G	63	0	-11.8804	16	12.182	0.261546	0.391466	0.66812	0.668009
G	64	0	-12.9362	16	12.182	0.25	0.391466	0.638625	0.638509
G	65	0	-14.9561	16	12.182	0.227912	0.391466	0.582201	0.582078
G	66	0	-13.7625	16	12.182	0.240964	0.391466	0.615542	0.615424
G	67	0	-13.4871	16	12.182	0.243976	0.391466	0.623237	0.623119
G	68	0	-15.3692	16	12.182	0.223394	0.391466	0.570659	0.570536
G	69	0	-13.4412	16	12.182	0.244478	0.391466	0.624519	0.624401
G	70	0	-12.4312	16	12.182	0.255522	0.391466	0.652732	0.652618
G	71	0	-14.5429	16	12.182	0.23243	0.391466	0.593742	0.593621
G	72	0	-12.5231	16	12.182	0.254518	0.391466	0.650167	0.650052
G	73	0	-13.533	16	12.182	0.243474	0.391466	0.621954	0.621836
G	74	0	-14.8183	16	12.182	0.229418	0.391466	0.586048	0.585926
G	75	0	-12.7985	16	12.182	0.251506	0.391466	0.642472	0.642357
G	76	0	-13.8543	16	12.182	0.23996	0.391466	0.612978	0.612859
G	77	0	-16.425	16	12.182	0.211847	0.391466	0.541164	0.54104
G	78	0	-13.8084	16	12.182	0.240462	0.391466	0.61426	0.614141
G	79	0	-13.4871	16	12.182	0.243976	0.391466	0.623237	0.623119
G	80	0	-14.8642	16	12.182	0.228916	0.391466	0.584765	0.584643
