G	4	0	6.42295	9.05034	7.67012	0.674419	0.250183	2.6957	3.08511
G	5	0	-3.78532	5.37085	3.99064	0	0.249939	0	0
G	6	0	3.96328	4.22914	2.84893	0.511628	0.249939	2.04701	2.03704
C	3	0	3.95829	4.22202	2.8418	0.511628	0.250183	2.04501	2.2
A	1	0	-3.43311	4.18534	2.80513	0.0232558	0.249939	0.093046	0.125
T	1	0	3.61107	3.69742	2.31721	0.488372	0.249939	1.95397	2.1875
T	4	0	-2.7287	2.61328	1.23307	0.0697674	0.249939	0.279138	0.227273
C	6	0	-2.37941	2.05391	0.673702	0.0930233	0.250183	0.371821	0.294118
G	3	0	-2.37649	2.04991	0.669695	0.0930233	0.249939	0.372184	0.277778
T	5	0	2.20223	1.94493	0.564723	0.395349	0.249939	1.58178	1.63462
C	5	0	2.19782	1.94047	0.560257	0.395349	0.250183	1.58024	1.54545
C	4	0	-2.02428	1.58919	0.208974	0.116279	0.249939	0.46523	0.373134
A	4	0	-1.67207	1.21263	-0	0.139535	0.249939	0.558276	0.857143
C	1	0	1.1456	1.01775	-0	0.325581	0.249939	1.30264	1.2069
G	2	0	1.14154	1.01479	-0	0.325581	0.250183	1.30137	1.12903
G	1	0	-1.32313	0.909586	-0	0.162791	0.250183	0.650686	0.507246
A	2	0	-0.967651	0.662085	-0	0.186047	0.249939	0.744368	1.21212
A	3	0	-0.967651	0.662085	-0	0.186047	0.249939	0.744368	1.21212
T	6	0	-0.967651	0.662085	-0	0.186047	0.249939	0.744368	0.655738
A	5	0	-0.615442	0.469353	-0	0.209302	0.249939	0.837414	1.40625
A	6	0	-0.615442	0.469353	-0	0.209302	0.249939	0.837414	1.40625
T	3	0	-0.615442	0.469353	-0	0.209302	0.249939	0.837414	0.75
T	2	0	0.0889764	0.414415	-0	0.255814	0.249939	1.02351	0.948276
C	2	0	-0.263233	0.321352	-0	0.232558	0.249939	0.93046	0.806452
