T	1	0	3.61107	3.69742	2.31721	0.488372	0.249939	1.95397	2.1875
G	2	0	1.14154	1.01479	-0	0.325581	0.250183	1.30137	1.12903
C	3	0	3.95829	4.22202	2.8418	0.511628	0.250183	2.04501	2.2
G	4	0	6.42295	9.05034	7.67012	0.674419	0.250183	2.6957	3.08511
T	5	0	2.20223	1.94493	0.564723	0.395349	0.249939	1.58178	1.63462
G	6	0	3.96328	4.22914	2.84893	0.511628	0.249939	2.04701	2.03704
A	1	0	-3.43311	4.18534	2.80513	0.0232558	0.249939	0.093046	0.125
A	2	0	-0.967651	0.662085	-0	0.186047	0.249939	0.744368	1.21212
G	3	0	-2.37649	2.04991	0.669695	0.0930233	0.249939	0.372184	0.277778
T	4	0	-2.7287	2.61328	1.23307	0.0697674	0.249939	0.279138	0.227273
G	5	0	-3.78532	5.37085	3.99064	0	0.249939	0	0
C	6	0	-2.37941	2.05391	0.673702	0.0930233	0.250183	0.371821	0.294118
