#kmer	position	shift	statistics	p-value	corrected.p	frac.obs	frac.exp	obs/exp	local.r
A	1	0	1.28323	1.07748	-0	0.0670926	0.0511182	1.3125	1.31382
G	2	0	1.11884	0.947771	-0	0.0958466	0.0788072	1.21622	1.21706
G	3	0	1.74819	1.43753	-0	0.105431	0.0788072	1.33784	1.33929
G	4	0	0.699275	0.682911	-0	0.0894569	0.0788072	1.13514	1.13563
A	5	0	1.02658	0.899826	-0	0.0638978	0.0511182	1.25	1.251
G	6	0	1.95797	1.6252	-0	0.108626	0.0788072	1.37838	1.38005
T	7	0	2.59995	2.24929	0.47114	0.0798722	0.0483493	1.65198	1.65544
G	9	0	2.58732	2.25991	0.481755	0.118211	0.0788072	1.5	1.50241
A	10	0	1.28323	1.07748	-0	0.0670926	0.0511182	1.3125	1.31382
C	11	0	0.438072	0.684136	-0	0.00958466	0.00745474	1.28571	1.28689
C	12	0	1.09518	1.06074	-0	0.0127796	0.00745474	1.71429	1.71822
G	13	0	1.95797	1.6252	-0	0.108626	0.0788072	1.37838	1.38005
A	14	0	1.02658	0.899826	-0	0.0638978	0.0511182	1.25	1.251
C	15	0	0.438072	0.684136	-0	0.00958466	0.00745474	1.28571	1.28689
G	1	0	-0.55942	0.477107	-0	0.0702875	0.0788072	0.891892	0.891583
A	2	0	-0.769937	0.571721	-0	0.0415335	0.0511182	0.8125	0.812012
A	4	0	-1.02658	0.730016	-0	0.0383387	0.0511182	0.75	0.7494
C	5	0	-0.876143	0.491994	-0	0.00319489	0.00745474	0.428571	0.427788
T	6	0	-1.35267	0.973534	-0	0.0319489	0.0483493	0.660793	0.660075
G	7	0	-2.0279	1.66538	-0	0.0479233	0.0788072	0.608108	0.607345
G	8	0	-5.17464	11.1583	9.38013	0	0.0788072	0	0
C	9	0	-0.219036	0.383935	-0	0.00638978	0.00745474	0.857143	0.856751
G	10	0	-1.60833	1.21627	-0	0.0543131	0.0788072	0.689189	0.688503
G	11	0	-2.0279	1.66538	-0	0.0479233	0.0788072	0.608108	0.607345
T	12	0	-1.08917	0.770704	-0	0.0351438	0.0483493	0.726872	0.726236
C	13	0	-0.219036	0.383935	-0	0.00638978	0.00745474	0.857143	0.856751
C	14	0	-0.219036	0.383935	-0	0.00638978	0.00745474	0.857143	0.856751
T	15	0	-0.562151	0.461427	-0	0.0415335	0.0483493	0.859031	0.858643
