T	1	0	2.27151	1.97023	-0	0.317204	0.24552	1.29197	1.29197
T	2	0	3.46406	3.49634	0.572057	0.354839	0.24552	1.44526	1.44526
A	3	0	2.47697	2.19511	-0	0.306452	0.230018	1.33229	1.33229
A	4	0	4.56772	5.28643	2.36216	0.370968	0.230018	1.61278	1.61278
D	5	0	2.68332	2.68759	-0	0.817204	0.729839	1.11971	1.11971
W	6	0	1.84263	1.55693	-0	0.543011	0.475538	1.14189	1.14189
M	7	0	2.34147	2.11026	-0	0.586021	0.500179	1.17162	1.17162
W	8	0	3.01721	3.00297	0.0786866	0.586021	0.475538	1.23233	1.23233
V	9	0	2.15794	1.98417	-0	0.822581	0.75448	1.09026	1.09026
W	10	0	3.45768	3.6916	0.767323	0.602151	0.475538	1.26625	1.26625
C	11	0	0.4541	0.533577	-0	0.284946	0.270161	1.05473	1.05473
R	12	0	1.60169	1.32822	-0	0.543011	0.484319	1.12118	1.12118
D	13	0	2.02281	1.80902	-0	0.795699	0.729839	1.09024	1.09024
Y	14	0	1.3327	1.09881	-0	0.564516	0.515681	1.0947	1.0947
D	15	0	0.866918	0.765803	-0	0.758065	0.729839	1.03867	1.03867
B	16	0	1.18186	0.99876	-0	0.806452	0.769982	1.04736	1.04736
K	17	0	1.17807	0.977407	-0	0.543011	0.499821	1.08641	1.08641
G	18	0	2.98031	2.82624	-0	0.349462	0.254301	1.37421	1.37421
T	19	0	1.93079	1.61994	-0	0.306452	0.24552	1.24818	1.24818
A	20	0	2.30274	2.00072	-0	0.301075	0.230018	1.30892	1.30892
D	21	0	3.01357	3.21449	0.290212	0.827957	0.729839	1.13444	1.13444
W	22	0	3.75133	4.19678	1.2725	0.612903	0.475538	1.28886	1.28886
A	23	0	1.60582	1.32117	-0	0.27957	0.230018	1.21543	1.21543
S	24	0	1.09383	0.915674	-0	0.564516	0.524462	1.07637	1.07637
K	25	0	2.93783	2.90139	-0	0.607527	0.499821	1.21549	1.21549
Y	26	0	2.79989	2.7132	-0	0.61828	0.515681	1.19896	1.19896
B	27	0	1.87878	1.66231	-0	0.827957	0.769982	1.07529	1.07529
W	28	0	3.89815	4.46343	1.53915	0.61828	0.475538	1.30017	1.30017
S	29	0	2.56206	2.39517	-0	0.61828	0.524462	1.17888	1.17888
W	30	0	3.45768	3.6916	0.767323	0.602151	0.475538	1.26625	1.26625
Y	31	0	2.50645	2.31998	-0	0.607527	0.515681	1.17811	1.17811
G	32	0	1.63328	1.34533	-0	0.306452	0.254301	1.20507	1.20507
G	33	0	3.14869	3.05364	0.129362	0.354839	0.254301	1.39535	1.39535
H	34	0	2.91295	3.06773	0.143447	0.83871	0.745699	1.12473	1.12473
G	35	0	6.34788	9.14087	6.21659	0.456989	0.254301	1.79704	1.79704
G	36	0	1.97003	1.65927	-0	0.317204	0.254301	1.24736	1.24736
G	37	0	2.98031	2.82624	-0	0.349462	0.254301	1.37421	1.37421
G	38	0	1.4649	1.20232	-0	0.301075	0.254301	1.18393	1.18393
R	39	0	0.72137	0.670924	-0	0.510753	0.484319	1.05458	1.05458
G	40	0	1.12814	0.943939	-0	0.290323	0.254301	1.14165	1.14165
S	41	0	3.00253	3.01187	0.0875947	0.634409	0.524462	1.20964	1.20964
V	42	0	1.64685	1.4117	-0	0.806452	0.75448	1.06888	1.06888
C	43	0	3.09613	2.99207	0.0677941	0.370968	0.270161	1.37313	1.37313
H	44	0	2.40782	2.30526	-0	0.822581	0.745699	1.1031	1.1031
Y	45	0	1.03926	0.876569	-0	0.553763	0.515681	1.07385	1.07385
H	46	0	1.06079	0.902797	-0	0.77957	0.745699	1.04542	1.04542
C	47	0	4.0869	4.51708	1.5928	0.403226	0.270161	1.49254	1.49254
Y	48	0	4.12037	4.95081	2.02653	0.666667	0.515681	1.29279	1.29279
Y	49	0	2.94661	2.92359	-0	0.623656	0.515681	1.20938	1.20938
C	50	0	4.74741	5.71723	2.79295	0.424731	0.270161	1.57214	1.57214
C	51	0	3.59152	3.71321	0.78893	0.387097	0.270161	1.43284	1.43284
S	52	0	1.09383	0.915674	-0	0.564516	0.524462	1.07637	1.07637
G	53	0	3.14869	3.05364	0.129362	0.354839	0.254301	1.39535	1.39535
G	54	0	2.30679	2.01066	-0	0.327957	0.254301	1.28964	1.28964
M	55	0	1.02164	0.864089	-0	0.537634	0.500179	1.07488	1.07488
V	56	0	0.624666	0.617655	-0	0.774194	0.75448	1.02613	1.02613
G	57	0	1.80165	1.49763	-0	0.311828	0.254301	1.22622	1.22622
R	58	0	2.04184	1.76499	-0	0.55914	0.484319	1.15449	1.15449
V	59	0	1.13576	0.960477	-0	0.790323	0.75448	1.04751	1.04751
S	60	0	2.85571	2.79699	-0	0.629032	0.524462	1.19938	1.19938
V	1	0	-2.27151	1.79033	-0	0.682796	0.75448	0.904988	0.904988
V	2	0	-3.46406	3.2498	0.325516	0.645161	0.75448	0.855107	0.855107
B	3	0	-2.47697	2.00072	-0	0.693548	0.769982	0.900733	0.900733
B	4	0	-4.56772	4.9759	2.05162	0.629032	0.769982	0.816944	0.816944
C	5	0	-2.68332	2.44669	-0	0.182796	0.270161	0.676617	0.676617
S	6	0	-1.84263	1.41453	-0	0.456989	0.524462	0.871348	0.871348
K	7	0	-2.34147	1.93816	-0	0.413978	0.499821	0.828254	0.828254
S	8	0	-3.01721	2.79154	-0	0.413978	0.524462	0.789339	0.789339
T	9	0	-2.15794	1.77908	-0	0.177419	0.24552	0.722628	0.722628
S	10	0	-3.45768	3.45292	0.528637	0.397849	0.524462	0.758585	0.758585
D	11	0	-0.4541	0.454544	-0	0.715054	0.729839	0.979742	0.979742
Y	12	0	-1.60169	1.19908	-0	0.456989	0.515681	0.886186	0.886186
M	13	0	-2.05795	1.62988	-0	0.424731	0.500179	0.849158	0.849158
R	14	0	-1.3327	0.983749	-0	0.435484	0.484319	0.899167	0.899167
C	15	0	-0.866918	0.661785	-0	0.241935	0.270161	0.895522	0.895522
A	16	0	-1.18186	0.866482	-0	0.193548	0.230018	0.841449	0.841449
M	17	0	-1.17807	0.870912	-0	0.456989	0.500179	0.913651	0.913651
H	18	0	-2.98031	2.60824	-0	0.650538	0.745699	0.872386	0.872386
V	19	0	-1.93079	1.45907	-0	0.693548	0.75448	0.91924	0.91924
B	20	0	-2.30274	1.81614	-0	0.698925	0.769982	0.907716	0.907716
C	21	0	-3.01357	2.94338	0.0191	0.172043	0.270161	0.636816	0.636816
S	22	0	-3.75133	3.93953	1.01525	0.387097	0.524462	0.738083	0.738083
B	23	0	-1.60582	1.17571	-0	0.72043	0.769982	0.935645	0.935645
W	24	0	-1.09383	0.813187	-0	0.435484	0.475538	0.915772	0.915772
M	25	0	-2.93783	2.69302	-0	0.392473	0.500179	0.784665	0.784665
R	26	0	-2.79989	2.51203	-0	0.38172	0.484319	0.788159	0.788159
A	27	0	-1.87878	1.47518	-0	0.172043	0.230018	0.747955	0.747955
S	28	0	-3.89815	4.19678	1.2725	0.38172	0.524462	0.727832	0.727832
W	29	0	-2.56206	2.20803	-0	0.38172	0.475538	0.802713	0.802713
S	30	0	-3.45768	3.45292	0.528637	0.397849	0.524462	0.758585	0.758585
R	31	0	-2.50645	2.13695	-0	0.392473	0.484319	0.810361	0.810361
H	32	0	-1.63328	1.20232	-0	0.693548	0.745699	0.930065	0.930065
H	33	0	-3.14869	2.82624	-0	0.645161	0.745699	0.865177	0.865177
G	34	0	-2.91295	2.79765	-0	0.16129	0.254301	0.634249	0.634249
H	35	0	-6.34788	8.7376	5.81333	0.543011	0.745699	0.72819	0.72819
H	36	0	-1.97003	1.49763	-0	0.682796	0.745699	0.915645	0.915645
H	37	0	-2.98031	2.60824	-0	0.650538	0.745699	0.872386	0.872386
H	38	0	-1.4649	1.06854	-0	0.698925	0.745699	0.937275	0.937275
Y	39	0	-0.72137	0.587708	-0	0.489247	0.515681	0.94874	0.94874
H	40	0	-1.12814	0.828411	-0	0.709677	0.745699	0.951694	0.951694
W	41	0	-3.00253	2.79699	-0	0.365591	0.475538	0.768796	0.768796
T	42	0	-1.64685	1.24845	-0	0.193548	0.24552	0.788321	0.788321
D	43	0	-3.09613	2.77011	-0	0.629032	0.729839	0.861878	0.861878
G	44	0	-2.40782	2.08195	-0	0.177419	0.254301	0.697674	0.697674
R	45	0	-1.03926	0.777108	-0	0.446237	0.484319	0.921369	0.921369
G	46	0	-1.06079	0.783863	-0	0.22043	0.254301	0.866808	0.866808
D	47	0	-4.0869	4.23994	1.31566	0.596774	0.729839	0.81768	0.81768
R	48	0	-4.12037	4.663	1.73873	0.333333	0.484319	0.688252	0.688252
R	49	0	-2.94661	2.7132	-0	0.376344	0.484319	0.777058	0.777058
D	50	0	-4.74741	5.40347	2.47919	0.575269	0.729839	0.788214	0.788214
D	51	0	-3.59152	3.46363	0.539349	0.612903	0.729839	0.839779	0.839779
W	52	0	-1.09383	0.813187	-0	0.435484	0.475538	0.915772	0.915772
H	53	0	-3.14869	2.82624	-0	0.645161	0.745699	0.865177	0.865177
H	54	0	-2.30679	1.83027	-0	0.672043	0.745699	0.901226	0.901226
K	55	0	-1.02164	0.765747	-0	0.462366	0.499821	0.925063	0.925063
T	56	0	-0.624666	0.525187	-0	0.225806	0.24552	0.919708	0.919708
H	57	0	-1.80165	1.34533	-0	0.688172	0.745699	0.922855	0.922855
Y	58	0	-2.04184	1.61106	-0	0.44086	0.515681	0.854909	0.854909
T	59	0	-1.13576	0.8348	-0	0.209677	0.24552	0.854015	0.854015
W	60	0	-2.85571	2.59146	-0	0.370968	0.475538	0.780102	0.780102
