G	35	0	6.34788	9.14087	6.21659	0.456989	0.254301	1.79704	1.79704
H	35	0	-6.34788	8.7376	5.81333	0.543011	0.745699	0.72819	0.72819
S	35	0	4.61758	6.02369	3.09941	0.693548	0.524462	1.3224	1.3224
C	50	0	4.74741	5.71723	2.79295	0.424731	0.270161	1.57214	1.57214
W	35	0	-4.61758	5.69876	2.77448	0.306452	0.475538	0.644432	0.644432
D	50	0	-4.74741	5.40347	2.47919	0.575269	0.729839	0.788214	0.788214
A	4	0	4.56772	5.28643	2.36216	0.370968	0.230018	1.61278	1.61278
Y	50	0	4.26709	5.24876	2.32448	0.672043	0.515681	1.30321	1.30321
B	4	0	-4.56772	4.9759	2.05162	0.629032	0.769982	0.816944	0.816944
R	50	0	-4.26709	4.95081	2.02653	0.327957	0.484319	0.677151	0.677151
Y	48	0	4.12037	4.95081	2.02653	0.666667	0.515681	1.29279	1.29279
C	48	0	4.25202	4.80339	1.87911	0.408602	0.270161	1.51244	1.51244
R	48	0	-4.12037	4.663	1.73873	0.333333	0.484319	0.688252	0.688252
C	47	0	4.0869	4.51708	1.5928	0.403226	0.270161	1.49254	1.49254
D	48	0	-4.25202	4.51708	1.5928	0.591398	0.729839	0.810313	0.810313
W	28	0	3.89815	4.46343	1.53915	0.61828	0.475538	1.30017	1.30017
D	47	0	-4.0869	4.23994	1.31566	0.596774	0.729839	0.81768	0.81768
S	28	0	-3.89815	4.19678	1.2725	0.38172	0.524462	0.727832	0.727832
W	22	0	3.75133	4.19678	1.2725	0.612903	0.475538	1.28886	1.28886
H	50	0	3.41809	3.97997	1.05569	0.854839	0.745699	1.14636	1.14636
S	22	0	-3.75133	3.93953	1.01525	0.387097	0.524462	0.738083	0.738083
R	35	0	3.50904	3.78583	0.861547	0.612903	0.484319	1.26549	1.26549
C	51	0	3.59152	3.71321	0.78893	0.387097	0.270161	1.43284	1.43284
W	10	0	3.45768	3.6916	0.767323	0.602151	0.475538	1.26625	1.26625
W	30	0	3.45768	3.6916	0.767323	0.602151	0.475538	1.26625	1.26625
G	50	0	-3.41809	3.65831	0.734032	0.145161	0.254301	0.570825	0.570825
Y	35	0	-3.50904	3.54303	0.618751	0.387097	0.515681	0.750652	0.750652
T	2	0	3.46406	3.49634	0.572057	0.354839	0.24552	1.44526	1.44526
S	51	0	3.29618	3.47013	0.545855	0.645161	0.524462	1.23014	1.23014
D	51	0	-3.59152	3.46363	0.539349	0.612903	0.729839	0.839779	0.839779
S	10	0	-3.45768	3.45292	0.528637	0.397849	0.524462	0.758585	0.758585
S	30	0	-3.45768	3.45292	0.528637	0.397849	0.524462	0.758585	0.758585
W	2	0	3.31086	3.45292	0.528637	0.596774	0.475538	1.25495	1.25495
W	4	0	3.31086	3.45292	0.528637	0.596774	0.475538	1.25495	1.25495
V	2	0	-3.46406	3.2498	0.325516	0.645161	0.75448	0.855107	0.855107
V	35	0	3.00975	3.24387	0.319594	0.849462	0.75448	1.12589	1.12589
W	51	0	-3.29618	3.23622	0.311942	0.354839	0.475538	0.746184	0.746184
S	2	0	-3.31086	3.2234	0.299118	0.403226	0.524462	0.768836	0.768836
S	4	0	-3.31086	3.2234	0.299118	0.403226	0.524462	0.768836	0.768836
D	21	0	3.01357	3.21449	0.290212	0.827957	0.729839	1.13444	1.13444
D	28	0	3.01357	3.21449	0.290212	0.827957	0.729839	1.13444	1.13444
Y	47	0	3.09333	3.1433	0.219022	0.629032	0.515681	1.21981	1.21981
A	30	0	3.17389	3.07055	0.146269	0.327957	0.230018	1.42579	1.42579
H	34	0	2.91295	3.06773	0.143447	0.83871	0.745699	1.12473	1.12473
G	33	0	3.14869	3.05364	0.129362	0.354839	0.254301	1.39535	1.39535
G	53	0	3.14869	3.05364	0.129362	0.354839	0.254301	1.39535	1.39535
S	41	0	3.00253	3.01187	0.0875947	0.634409	0.524462	1.20964	1.20964
W	8	0	3.01721	3.00297	0.0786866	0.586021	0.475538	1.23233	1.23233
C	43	0	3.09613	2.99207	0.0677941	0.370968	0.270161	1.37313	1.37313
T	35	0	-3.00975	2.95891	0.0346282	0.150538	0.24552	0.613139	0.613139
C	21	0	-3.01357	2.94338	0.0191	0.172043	0.270161	0.636816	0.636816
C	28	0	-3.01357	2.94338	0.0191	0.172043	0.270161	0.636816	0.636816
R	47	0	-3.09333	2.92359	-0	0.370968	0.484319	0.765957	0.765957
Y	49	0	2.94661	2.92359	-0	0.623656	0.515681	1.20938	1.20938
K	25	0	2.93783	2.90139	-0	0.607527	0.499821	1.21549	1.21549
K	35	0	2.93783	2.90139	-0	0.607527	0.499821	1.21549	1.21549
M	50	0	2.92805	2.88742	-0	0.607527	0.500179	1.21462	1.21462
A	22	0	2.99966	2.83704	-0	0.322581	0.230018	1.40242	1.40242
B	30	0	-3.17389	2.83704	-0	0.672043	0.769982	0.872803	0.872803
G	18	0	2.98031	2.82624	-0	0.349462	0.254301	1.37421	1.37421
G	37	0	2.98031	2.82624	-0	0.349462	0.254301	1.37421	1.37421
H	33	0	-3.14869	2.82624	-0	0.645161	0.745699	0.865177	0.865177
H	53	0	-3.14869	2.82624	-0	0.645161	0.745699	0.865177	0.865177
G	34	0	-2.91295	2.79765	-0	0.16129	0.254301	0.634249	0.634249
S	60	0	2.85571	2.79699	-0	0.629032	0.524462	1.19938	1.19938
W	41	0	-3.00253	2.79699	-0	0.365591	0.475538	0.768796	0.768796
S	8	0	-3.01721	2.79154	-0	0.413978	0.524462	0.789339	0.789339
D	43	0	-3.09613	2.77011	-0	0.629032	0.729839	0.861878	0.861878
R	49	0	-2.94661	2.7132	-0	0.376344	0.484319	0.777058	0.777058
Y	26	0	2.79989	2.7132	-0	0.61828	0.515681	1.19896	1.19896
M	25	0	-2.93783	2.69302	-0	0.392473	0.500179	0.784665	0.784665
M	35	0	-2.93783	2.69302	-0	0.392473	0.500179	0.784665	0.784665
D	5	0	2.68332	2.68759	-0	0.817204	0.729839	1.11971	1.11971
K	50	0	-2.92805	2.67963	-0	0.392473	0.499821	0.785228	0.785228
M	34	0	2.78141	2.67963	-0	0.602151	0.500179	1.20387	1.20387
A	8	0	2.82543	2.61329	-0	0.317204	0.230018	1.37904	1.37904
B	22	0	-2.99966	2.61329	-0	0.677419	0.769982	0.879786	0.879786
H	18	0	-2.98031	2.60824	-0	0.650538	0.745699	0.872386	0.872386
H	37	0	-2.98031	2.60824	-0	0.650538	0.745699	0.872386	0.872386
S	53	0	2.70888	2.59146	-0	0.623656	0.524462	1.18913	1.18913
W	60	0	-2.85571	2.59146	-0	0.370968	0.475538	0.780102	0.780102
T	26	0	2.7826	2.56715	-0	0.333333	0.24552	1.35766	1.35766
H	10	0	2.5762	2.54367	-0	0.827957	0.745699	1.11031	1.11031
H	2	0	2.5762	2.54367	-0	0.827957	0.745699	1.11031	1.11031
H	48	0	2.5762	2.54367	-0	0.827957	0.745699	1.11031	1.11031
H	49	0	2.5762	2.54367	-0	0.827957	0.745699	1.11031	1.11031
R	26	0	-2.79989	2.51203	-0	0.38172	0.484319	0.788159	0.788159
K	34	0	-2.78141	2.4809	-0	0.397849	0.499821	0.795984	0.795984
R	4	0	2.62872	2.46646	-0	0.580645	0.484319	1.19889	1.19889
C	5	0	-2.68332	2.44669	-0	0.182796	0.270161	0.676617	0.676617
B	8	0	-2.82543	2.39931	-0	0.682796	0.769982	0.886768	0.886768
S	29	0	2.56206	2.39517	-0	0.61828	0.524462	1.17888	1.17888
W	53	0	-2.70888	2.39517	-0	0.376344	0.475538	0.791408	0.791408
T	25	0	2.61224	2.35864	-0	0.327957	0.24552	1.33577	1.33577
T	28	0	2.61224	2.35864	-0	0.327957	0.24552	1.33577	1.33577
V	26	0	-2.7826	2.35864	-0	0.666667	0.75448	0.88361	0.88361
C	49	0	2.60075	2.35381	-0	0.354839	0.270161	1.31343	1.31343
Y	31	0	2.50645	2.31998	-0	0.607527	0.515681	1.17811	1.17811
B	29	0	2.40147	2.31638	-0	0.844086	0.769982	1.09624	1.09624
B	35	0	2.40147	2.31638	-0	0.844086	0.769982	1.09624	1.09624
G	10	0	-2.5762	2.30526	-0	0.172043	0.254301	0.676533	0.676533
G	2	0	-2.5762	2.30526	-0	0.172043	0.254301	0.676533	0.676533
G	48	0	-2.5762	2.30526	-0	0.172043	0.254301	0.676533	0.676533
G	49	0	-2.5762	2.30526	-0	0.172043	0.254301	0.676533	0.676533
H	44	0	2.40782	2.30526	-0	0.822581	0.745699	1.1031	1.1031
Y	4	0	-2.62872	2.27804	-0	0.419355	0.515681	0.813206	0.813206
D	4	0	2.35306	2.22024	-0	0.806452	0.729839	1.10497	1.10497
W	29	0	-2.56206	2.20803	-0	0.38172	0.475538	0.802713	0.802713
V	51	0	2.3283	2.20418	-0	0.827957	0.75448	1.09739	1.09739
A	3	0	2.47697	2.19511	-0	0.306452	0.230018	1.33229	1.33229
V	25	0	-2.61224	2.15967	-0	0.672043	0.75448	0.890736	0.890736
V	28	0	-2.61224	2.15967	-0	0.672043	0.75448	0.890736	0.890736
C	60	0	2.43563	2.15947	-0	0.349462	0.270161	1.29353	1.29353
D	49	0	-2.60075	2.15947	-0	0.645161	0.729839	0.883978	0.883978
R	31	0	-2.50645	2.13695	-0	0.392473	0.484319	0.810361	0.810361
Y	43	0	2.35974	2.13695	-0	0.602151	0.515681	1.16768	1.16768
K	21	0	2.35124	2.12194	-0	0.586021	0.499821	1.17246	1.17246
M	7	0	2.34147	2.11026	-0	0.586021	0.500179	1.17162	1.17162
R	18	0	2.33528	2.09838	-0	0.569892	0.484319	1.17669	1.17669
A	29	0	-2.40147	2.08233	-0	0.155914	0.230018	0.677834	0.677834
A	35	0	-2.40147	2.08233	-0	0.155914	0.230018	0.677834	0.677834
B	48	0	2.22724	2.08233	-0	0.83871	0.769982	1.08926	1.08926
G	44	0	-2.40782	2.08195	-0	0.177419	0.254301	0.697674	0.697674
S	33	0	2.26841	2.02991	-0	0.607527	0.524462	1.15838	1.15838
S	37	0	2.26841	2.02991	-0	0.607527	0.524462	1.15838	1.15838
G	54	0	2.30679	2.01066	-0	0.327957	0.254301	1.28964	1.28964
C	4	0	-2.35306	2.00781	-0	0.193548	0.270161	0.716418	0.716418
D	22	0	2.18793	2.00781	-0	0.801075	0.729839	1.09761	1.09761
D	3	0	2.18793	2.00781	-0	0.801075	0.729839	1.09761	1.09761
A	10	0	2.30274	2.00072	-0	0.301075	0.230018	1.30892	1.30892
A	20	0	2.30274	2.00072	-0	0.301075	0.230018	1.30892	1.30892
B	3	0	-2.47697	2.00072	-0	0.693548	0.769982	0.900733	0.900733
T	51	0	-2.3283	1.98417	-0	0.172043	0.24552	0.70073	0.70073
V	9	0	2.15794	1.98417	-0	0.822581	0.75448	1.09026	1.09026
C	41	0	2.2705	1.97432	-0	0.344086	0.270161	1.27363	1.27363
D	60	0	-2.43563	1.97432	-0	0.650538	0.729839	0.891344	0.891344
T	1	0	2.27151	1.97023	-0	0.317204	0.24552	1.29197	1.29197
T	31	0	2.27151	1.97023	-0	0.317204	0.24552	1.29197	1.29197
R	43	0	-2.35974	1.96283	-0	0.397849	0.484319	0.821462	0.821462
M	21	0	-2.35124	1.94928	-0	0.413978	0.500179	0.82766	0.82766
K	7	0	-2.34147	1.93816	-0	0.413978	0.499821	0.828254	0.828254
M	47	0	2.19482	1.93816	-0	0.580645	0.500179	1.16087	1.16087
R	21	0	2.18856	1.9274	-0	0.564516	0.484319	1.16559	1.16559
R	3	0	2.18856	1.9274	-0	0.564516	0.484319	1.16559	1.16559
R	5	0	2.18856	1.9274	-0	0.564516	0.484319	1.16559	1.16559
Y	18	0	-2.33528	1.9274	-0	0.430108	0.515681	0.834057	0.834057
H	22	0	2.07106	1.87326	-0	0.811828	0.745699	1.08868	1.08868
H	30	0	2.07106	1.87326	-0	0.811828	0.745699	1.08868	1.08868
A	48	0	-2.22724	1.8645	-0	0.16129	0.230018	0.701208	0.701208
W	33	0	-2.26841	1.86072	-0	0.392473	0.475538	0.825325	0.825325
W	37	0	-2.26841	1.86072	-0	0.392473	0.475538	0.825325	0.825325
G	21	0	2.13841	1.83027	-0	0.322581	0.254301	1.2685	1.2685
H	54	0	-2.30679	1.83027	-0	0.672043	0.745699	0.901226	0.901226
B	10	0	-2.30274	1.81614	-0	0.698925	0.769982	0.907716	0.907716
B	20	0	-2.30274	1.81614	-0	0.698925	0.769982	0.907716	0.907716
C	22	0	-2.18793	1.80902	-0	0.198925	0.270161	0.736318	0.736318
C	3	0	-2.18793	1.80902	-0	0.198925	0.270161	0.736318	0.736318
D	13	0	2.02281	1.80902	-0	0.795699	0.729839	1.09024	1.09024
D	18	0	2.02281	1.80902	-0	0.795699	0.729839	1.09024	1.09024
D	41	0	-2.2705	1.79835	-0	0.655914	0.729839	0.898711	0.898711
V	1	0	-2.27151	1.79033	-0	0.682796	0.75448	0.904988	0.904988
V	31	0	-2.27151	1.79033	-0	0.682796	0.75448	0.904988	0.904988
K	13	0	2.05795	1.78529	-0	0.575269	0.499821	1.15095	1.15095
K	18	0	2.05795	1.78529	-0	0.575269	0.499821	1.15095	1.15095
T	9	0	-2.15794	1.77908	-0	0.177419	0.24552	0.722628	0.722628
V	60	0	1.98757	1.77908	-0	0.817204	0.75448	1.08314	1.08314
K	47	0	-2.19482	1.77473	-0	0.419355	0.499821	0.83901	0.83901
R	58	0	2.04184	1.76499	-0	0.55914	0.484319	1.15449	1.15449
Y	21	0	-2.18856	1.76499	-0	0.435484	0.515681	0.844483	0.844483
Y	3	0	-2.18856	1.76499	-0	0.435484	0.515681	0.844483	0.844483
Y	5	0	-2.18856	1.76499	-0	0.435484	0.515681	0.844483	0.844483
W	1	0	1.98945	1.70763	-0	0.548387	0.475538	1.15319	1.15319
S	47	0	1.97477	1.70032	-0	0.596774	0.524462	1.13788	1.13788
G	22	0	-2.07106	1.67872	-0	0.188172	0.254301	0.739958	0.739958
G	30	0	-2.07106	1.67872	-0	0.188172	0.254301	0.739958	0.739958
H	47	0	1.90268	1.67872	-0	0.806452	0.745699	1.08147	1.08147
H	8	0	1.90268	1.67872	-0	0.806452	0.745699	1.08147	1.08147
B	27	0	1.87878	1.66231	-0	0.827957	0.769982	1.07529	1.07529
B	31	0	1.87878	1.66231	-0	0.827957	0.769982	1.07529	1.07529
B	41	0	1.87878	1.66231	-0	0.827957	0.769982	1.07529	1.07529
G	29	0	1.97003	1.65927	-0	0.317204	0.254301	1.24736	1.24736
G	36	0	1.97003	1.65927	-0	0.317204	0.254301	1.24736	1.24736
H	21	0	-2.13841	1.65927	-0	0.677419	0.745699	0.908435	0.908435
A	28	0	1.95428	1.64136	-0	0.290323	0.230018	1.26217	1.26217
Y	2	0	1.91958	1.64088	-0	0.586021	0.515681	1.1364	1.1364
K	33	0	1.9113	1.62988	-0	0.569892	0.499821	1.14019	1.14019
K	36	0	1.9113	1.62988	-0	0.569892	0.499821	1.14019	1.14019
M	13	0	-2.05795	1.62988	-0	0.424731	0.500179	0.849158	0.849158
M	18	0	-2.05795	1.62988	-0	0.424731	0.500179	0.849158	0.849158
C	13	0	-2.02281	1.62344	-0	0.204301	0.270161	0.756219	0.756219
C	18	0	-2.02281	1.62344	-0	0.204301	0.270161	0.756219	0.756219
D	30	0	1.85768	1.62344	-0	0.790323	0.729839	1.08287	1.08287
T	19	0	1.93079	1.61994	-0	0.306452	0.24552	1.24818	1.24818
M	48	0	1.90152	1.61988	-0	0.569892	0.500179	1.13938	1.13938
M	51	0	1.90152	1.61988	-0	0.569892	0.500179	1.13938	1.13938
Y	58	0	-2.04184	1.61106	-0	0.44086	0.515681	0.854909	0.854909
T	60	0	-1.98757	1.58842	-0	0.182796	0.24552	0.744526	0.744526
V	53	0	1.81721	1.58842	-0	0.811828	0.75448	1.07601	1.07601
V	7	0	1.81721	1.58842	-0	0.811828	0.75448	1.07601	1.07601
S	1	0	-1.98945	1.55693	-0	0.451613	0.524462	0.861097	0.861097
W	3	0	1.84263	1.55693	-0	0.543011	0.475538	1.14189	1.14189
W	44	0	1.84263	1.55693	-0	0.543011	0.475538	1.14189	1.14189
W	6	0	1.84263	1.55693	-0	0.543011	0.475538	1.14189	1.14189
W	47	0	-1.97477	1.54861	-0	0.403226	0.475538	0.847937	0.847937
G	47	0	-1.90268	1.49789	-0	0.193548	0.254301	0.761099	0.761099
G	8	0	-1.90268	1.49789	-0	0.193548	0.254301	0.761099	0.761099
H	1	0	1.7343	1.49789	-0	0.801075	0.745699	1.07426	1.07426
G	13	0	1.80165	1.49763	-0	0.311828	0.254301	1.22622	1.22622
G	57	0	1.80165	1.49763	-0	0.311828	0.254301	1.22622	1.22622
H	29	0	-1.97003	1.49763	-0	0.682796	0.745699	0.915645	0.915645
H	36	0	-1.97003	1.49763	-0	0.682796	0.745699	0.915645	0.915645
R	2	0	-1.91958	1.49282	-0	0.413978	0.484319	0.854764	0.854764
Y	27	0	1.77286	1.49282	-0	0.580645	0.515681	1.12598	1.12598
M	33	0	-1.9113	1.48294	-0	0.430108	0.500179	0.859907	0.859907
M	36	0	-1.9113	1.48294	-0	0.430108	0.500179	0.859907	0.859907
A	34	0	1.78005	1.47638	-0	0.284946	0.230018	1.2388	1.2388
A	5	0	1.78005	1.47638	-0	0.284946	0.230018	1.2388	1.2388
B	28	0	-1.95428	1.47638	-0	0.709677	0.769982	0.92168	0.92168
A	27	0	-1.87878	1.47518	-0	0.172043	0.230018	0.747955	0.747955
A	31	0	-1.87878	1.47518	-0	0.172043	0.230018	0.747955	0.747955
A	41	0	-1.87878	1.47518	-0	0.172043	0.230018	0.747955	0.747955
B	25	0	1.70455	1.47518	-0	0.822581	0.769982	1.06831	1.06831
B	26	0	1.70455	1.47518	-0	0.822581	0.769982	1.06831	1.06831
B	33	0	1.70455	1.47518	-0	0.822581	0.769982	1.06831	1.06831
B	47	0	1.70455	1.47518	-0	0.822581	0.769982	1.06831	1.06831
C	7	0	1.77512	1.47386	-0	0.327957	0.270161	1.21393	1.21393
K	48	0	-1.90152	1.47348	-0	0.430108	0.499821	0.860523	0.860523
K	51	0	-1.90152	1.47348	-0	0.430108	0.499821	0.860523	0.860523
M	4	0	1.75488	1.47348	-0	0.564516	0.500179	1.12863	1.12863
R	57	0	1.7484	1.46551	-0	0.548387	0.484319	1.13228	1.13228
T	10	0	1.76042	1.45907	-0	0.301075	0.24552	1.22628	1.22628
V	19	0	-1.93079	1.45907	-0	0.693548	0.75448	0.91924	0.91924
C	30	0	-1.85768	1.4507	-0	0.209677	0.270161	0.776119	0.776119
D	25	0	1.69255	1.4507	-0	0.784946	0.729839	1.07551	1.07551
S	3	0	-1.84263	1.41453	-0	0.456989	0.524462	0.871348	0.871348
S	44	0	-1.84263	1.41453	-0	0.456989	0.524462	0.871348	0.871348
S	6	0	-1.84263	1.41453	-0	0.456989	0.524462	0.871348	0.871348
W	5	0	1.6958	1.41453	-0	0.537634	0.475538	1.13058	1.13058
T	53	0	-1.81721	1.4117	-0	0.188172	0.24552	0.766423	0.766423
T	7	0	-1.81721	1.4117	-0	0.188172	0.24552	0.766423	0.766423
V	41	0	1.64685	1.4117	-0	0.806452	0.75448	1.06888	1.06888
V	42	0	1.64685	1.4117	-0	0.806452	0.75448	1.06888	1.06888
V	57	0	1.64685	1.4117	-0	0.806452	0.75448	1.06888	1.06888
R	27	0	-1.77286	1.35321	-0	0.419355	0.484319	0.865865	0.865865
G	32	0	1.63328	1.34533	-0	0.306452	0.254301	1.20507	1.20507
H	13	0	-1.80165	1.34533	-0	0.688172	0.745699	0.922855	0.922855
H	57	0	-1.80165	1.34533	-0	0.688172	0.745699	0.922855	0.922855
K	4	0	-1.75488	1.33543	-0	0.435484	0.499821	0.87128	0.87128
M	43	0	1.60823	1.33543	-0	0.55914	0.500179	1.11788	1.11788
M	49	0	1.60823	1.33543	-0	0.55914	0.500179	1.11788	1.11788
M	9	0	1.60823	1.33543	-0	0.55914	0.500179	1.11788	1.11788
G	1	0	-1.7343	1.33033	-0	0.198925	0.254301	0.782241	0.782241
H	26	0	1.56592	1.33033	-0	0.795699	0.745699	1.06705	1.06705
R	12	0	1.60169	1.32822	-0	0.543011	0.484319	1.12118	1.12118
R	37	0	1.60169	1.32822	-0	0.543011	0.484319	1.12118	1.12118
R	42	0	1.60169	1.32822	-0	0.543011	0.484319	1.12118	1.12118
R	53	0	1.60169	1.32822	-0	0.543011	0.484319	1.12118	1.12118
R	54	0	1.60169	1.32822	-0	0.543011	0.484319	1.12118	1.12118
Y	57	0	-1.7484	1.32822	-0	0.451613	0.515681	0.87576	0.87576
D	7	0	-1.77512	1.32527	-0	0.672043	0.729839	0.92081	0.92081
A	12	0	1.60582	1.32117	-0	0.27957	0.230018	1.21543	1.21543
A	23	0	1.60582	1.32117	-0	0.27957	0.230018	1.21543	1.21543
B	34	0	-1.78005	1.32117	-0	0.715054	0.769982	0.928663	0.928663
B	5	0	-1.78005	1.32117	-0	0.715054	0.769982	0.928663	0.928663
V	10	0	-1.76042	1.30767	-0	0.698925	0.75448	0.926366	0.926366
A	25	0	-1.70455	1.30257	-0	0.177419	0.230018	0.771328	0.771328
A	26	0	-1.70455	1.30257	-0	0.177419	0.230018	0.771328	0.771328
A	33	0	-1.70455	1.30257	-0	0.177419	0.230018	0.771328	0.771328
A	47	0	-1.70455	1.30257	-0	0.177419	0.230018	0.771328	0.771328
B	36	0	1.53032	1.30257	-0	0.817204	0.769982	1.06133	1.06133
B	50	0	1.53032	1.30257	-0	0.817204	0.769982	1.06133	1.06133
B	51	0	1.53032	1.30257	-0	0.817204	0.769982	1.06133	1.06133
C	25	0	-1.69255	1.29041	-0	0.215054	0.270161	0.79602	0.79602
D	8	0	1.52743	1.29041	-0	0.77957	0.729839	1.06814	1.06814
S	5	0	-1.6958	1.28032	-0	0.462366	0.524462	0.881599	0.881599
S	43	0	1.5343	1.27072	-0	0.580645	0.524462	1.10712	1.10712
S	48	0	1.5343	1.27072	-0	0.580645	0.524462	1.10712	1.10712
S	54	0	1.5343	1.27072	-0	0.580645	0.524462	1.10712	1.10712
T	41	0	-1.64685	1.24845	-0	0.193548	0.24552	0.788321	0.788321
T	42	0	-1.64685	1.24845	-0	0.193548	0.24552	0.788321	0.788321
T	57	0	-1.64685	1.24845	-0	0.193548	0.24552	0.788321	0.788321
V	37	0	1.47648	1.24845	-0	0.801075	0.75448	1.06176	1.06176
Y	1	0	1.47942	1.22192	-0	0.569892	0.515681	1.10513	1.10513
Y	19	0	1.47942	1.22192	-0	0.569892	0.515681	1.10513	1.10513
K	43	0	-1.60823	1.2056	-0	0.44086	0.499821	0.882037	0.882037
K	49	0	-1.60823	1.2056	-0	0.44086	0.499821	0.882037	0.882037
K	9	0	-1.60823	1.2056	-0	0.44086	0.499821	0.882037	0.882037
M	20	0	1.46158	1.2056	-0	0.553763	0.500179	1.10713	1.10713
G	38	0	1.4649	1.20232	-0	0.301075	0.254301	1.18393	1.18393
H	32	0	-1.63328	1.20232	-0	0.693548	0.745699	0.930065	0.930065
Y	12	0	-1.60169	1.19908	-0	0.456989	0.515681	0.886186	0.886186
Y	37	0	-1.60169	1.19908	-0	0.456989	0.515681	0.886186	0.886186
Y	42	0	-1.60169	1.19908	-0	0.456989	0.515681	0.886186	0.886186
Y	53	0	-1.60169	1.19908	-0	0.456989	0.515681	0.886186	0.886186
Y	54	0	-1.60169	1.19908	-0	0.456989	0.515681	0.886186	0.886186
C	34	0	1.44486	1.18571	-0	0.317204	0.270161	1.17413	1.17413
A	42	0	1.43159	1.17571	-0	0.274194	0.230018	1.19205	1.19205
A	58	0	1.43159	1.17571	-0	0.274194	0.230018	1.19205	1.19205
B	12	0	-1.60582	1.17571	-0	0.72043	0.769982	0.935645	0.935645
B	23	0	-1.60582	1.17571	-0	0.72043	0.769982	0.935645	0.935645
G	26	0	-1.56592	1.17558	-0	0.204301	0.254301	0.803383	0.803383
H	28	0	1.39754	1.17558	-0	0.790323	0.745699	1.05984	1.05984
H	4	0	1.39754	1.17558	-0	0.790323	0.745699	1.05984	1.05984
H	43	0	1.39754	1.17558	-0	0.790323	0.745699	1.05984	1.05984
T	22	0	1.4197	1.1657	-0	0.290323	0.24552	1.18248	1.18248
T	27	0	1.4197	1.1657	-0	0.290323	0.24552	1.18248	1.18248
W	20	0	1.40216	1.15419	-0	0.526882	0.475538	1.10797	1.10797
W	23	0	1.40216	1.15419	-0	0.526882	0.475538	1.10797	1.10797
S	9	0	1.38748	1.14428	-0	0.575269	0.524462	1.09687	1.09687
W	43	0	-1.5343	1.14428	-0	0.419355	0.475538	0.881854	0.881854
W	48	0	-1.5343	1.14428	-0	0.419355	0.475538	0.881854	0.881854
W	54	0	-1.5343	1.14428	-0	0.419355	0.475538	0.881854	0.881854
A	36	0	-1.53032	1.14394	-0	0.182796	0.230018	0.794702	0.794702
A	50	0	-1.53032	1.14394	-0	0.182796	0.230018	0.794702	0.794702
A	51	0	-1.53032	1.14394	-0	0.182796	0.230018	0.794702	0.794702
B	43	0	1.35609	1.14394	-0	0.811828	0.769982	1.05435	1.05435
B	53	0	1.35609	1.14394	-0	0.811828	0.769982	1.05435	1.05435
B	60	0	1.35609	1.14394	-0	0.811828	0.769982	1.05435	1.05435
C	8	0	-1.52743	1.14217	-0	0.22043	0.270161	0.81592	0.81592
D	10	0	1.3623	1.14217	-0	0.774194	0.729839	1.06077	1.06077
D	23	0	1.3623	1.14217	-0	0.774194	0.729839	1.06077	1.06077
D	58	0	1.3623	1.14217	-0	0.774194	0.729839	1.06077	1.06077
R	1	0	-1.47942	1.09881	-0	0.430108	0.484319	0.888067	0.888067
R	19	0	-1.47942	1.09881	-0	0.430108	0.484319	0.888067	0.888067
Y	14	0	1.3327	1.09881	-0	0.564516	0.515681	1.0947	1.0947
T	37	0	-1.47648	1.0982	-0	0.198925	0.24552	0.810219	0.810219
V	54	0	1.30612	1.0982	-0	0.795699	0.75448	1.05463	1.05463
K	37	0	1.32471	1.09171	-0	0.548387	0.499821	1.09717	1.09717
K	20	0	-1.46158	1.08386	-0	0.446237	0.499821	0.892793	0.892793
M	44	0	1.31494	1.08386	-0	0.548387	0.500179	1.09638	1.09638
R	13	0	1.30825	1.07796	-0	0.532258	0.484319	1.09898	1.09898
R	33	0	1.30825	1.07796	-0	0.532258	0.484319	1.09898	1.09898
H	38	0	-1.4649	1.06854	-0	0.698925	0.745699	0.937275	0.937275
C	9	0	1.27974	1.05514	-0	0.311828	0.270161	1.15423	1.15423
D	34	0	-1.44486	1.05514	-0	0.682796	0.729839	0.935543	0.935543
A	44	0	1.25736	1.03995	-0	0.268817	0.230018	1.16868	1.16868
A	6	0	1.25736	1.03995	-0	0.268817	0.230018	1.16868	1.16868
B	42	0	-1.43159	1.03995	-0	0.725806	0.769982	0.942628	0.942628
B	58	0	-1.43159	1.03995	-0	0.725806	0.769982	0.942628	0.942628
S	20	0	-1.40216	1.03602	-0	0.473118	0.524462	0.902101	0.902101
S	23	0	-1.40216	1.03602	-0	0.473118	0.524462	0.902101	0.902101
W	34	0	1.25534	1.03602	-0	0.521505	0.475538	1.09666	1.09666
G	28	0	-1.39754	1.03322	-0	0.209677	0.254301	0.824524	0.824524
G	4	0	-1.39754	1.03322	-0	0.209677	0.254301	0.824524	0.824524
G	43	0	-1.39754	1.03322	-0	0.209677	0.254301	0.824524	0.824524
V	22	0	-1.4197	1.03311	-0	0.709677	0.75448	0.940618	0.940618
V	27	0	-1.4197	1.03311	-0	0.709677	0.75448	0.940618	0.940618
S	50	0	1.24065	1.02598	-0	0.569892	0.524462	1.08662	1.08662
S	57	0	1.24065	1.02598	-0	0.569892	0.524462	1.08662	1.08662
W	9	0	-1.38748	1.02598	-0	0.424731	0.475538	0.89316	0.89316
C	10	0	-1.3623	1.00558	-0	0.225806	0.270161	0.835821	0.835821
C	23	0	-1.3623	1.00558	-0	0.225806	0.270161	0.835821	0.835821
C	58	0	-1.3623	1.00558	-0	0.225806	0.270161	0.835821	0.835821
D	12	0	1.19717	1.00558	-0	0.768817	0.729839	1.05341	1.05341
D	2	0	1.19717	1.00558	-0	0.768817	0.729839	1.05341	1.05341
A	43	0	-1.35609	0.99876	-0	0.188172	0.230018	0.818076	0.818076
A	53	0	-1.35609	0.99876	-0	0.188172	0.230018	0.818076	0.818076
A	60	0	-1.35609	0.99876	-0	0.188172	0.230018	0.818076	0.818076
B	16	0	1.18186	0.99876	-0	0.806452	0.769982	1.04736	1.04736
B	37	0	1.18186	0.99876	-0	0.806452	0.769982	1.04736	1.04736
R	14	0	-1.3327	0.983749	-0	0.435484	0.484319	0.899167	0.899167
Y	51	0	1.18598	0.983749	-0	0.55914	0.515681	1.08427	1.08427
K	17	0	1.17807	0.977407	-0	0.543011	0.499821	1.08641	1.08641
K	29	0	1.17807	0.977407	-0	0.543011	0.499821	1.08641	1.08641
K	32	0	1.17807	0.977407	-0	0.543011	0.499821	1.08641	1.08641
K	38	0	1.17807	0.977407	-0	0.543011	0.499821	1.08641	1.08641
K	53	0	1.17807	0.977407	-0	0.543011	0.499821	1.08641	1.08641
M	37	0	-1.32471	0.977407	-0	0.451613	0.500179	0.902902	0.902902
K	44	0	-1.31494	0.970073	-0	0.451613	0.499821	0.90355	0.90355
R	23	0	1.16153	0.96474	-0	0.526882	0.484319	1.08788	1.08788
Y	13	0	-1.30825	0.96474	-0	0.467742	0.515681	0.907037	0.907037
Y	33	0	-1.30825	0.96474	-0	0.467742	0.515681	0.907037	0.907037
T	54	0	-1.30612	0.960477	-0	0.204301	0.24552	0.832117	0.832117
V	59	0	1.13576	0.960477	-0	0.790323	0.75448	1.04751	1.04751
G	40	0	1.12814	0.943939	-0	0.290323	0.254301	1.14165	1.14165
G	41	0	1.12814	0.943939	-0	0.290323	0.254301	1.14165	1.14165
D	9	0	-1.27974	0.933467	-0	0.688172	0.729839	0.94291	0.94291
S	34	0	-1.25534	0.925658	-0	0.478495	0.524462	0.912353	0.912353
S	24	0	1.09383	0.915674	-0	0.564516	0.524462	1.07637	1.07637
S	32	0	1.09383	0.915674	-0	0.564516	0.524462	1.07637	1.07637
S	36	0	1.09383	0.915674	-0	0.564516	0.524462	1.07637	1.07637
S	52	0	1.09383	0.915674	-0	0.564516	0.524462	1.07637	1.07637
W	50	0	-1.24065	0.915674	-0	0.430108	0.475538	0.904466	0.904466
W	57	0	-1.24065	0.915674	-0	0.430108	0.475538	0.904466	0.904466
B	44	0	-1.25736	0.91382	-0	0.731183	0.769982	0.94961	0.94961
B	6	0	-1.25736	0.91382	-0	0.731183	0.769982	0.94961	0.94961
T	17	0	1.07897	0.909826	-0	0.27957	0.24552	1.13869	1.13869
H	20	0	1.06079	0.902797	-0	0.77957	0.745699	1.04542	1.04542
H	31	0	1.06079	0.902797	-0	0.77957	0.745699	1.04542	1.04542
H	46	0	1.06079	0.902797	-0	0.77957	0.745699	1.04542	1.04542
H	6	0	1.06079	0.902797	-0	0.77957	0.745699	1.04542	1.04542
C	12	0	-1.19717	0.880264	-0	0.231183	0.270161	0.855721	0.855721
C	2	0	-1.19717	0.880264	-0	0.231183	0.270161	0.855721	0.855721
D	35	0	1.03204	0.880264	-0	0.763441	0.729839	1.04604	1.04604
D	6	0	1.03204	0.880264	-0	0.763441	0.729839	1.04604	1.04604
R	51	0	-1.18598	0.876569	-0	0.44086	0.484319	0.910268	0.910268
Y	34	0	1.03926	0.876569	-0	0.553763	0.515681	1.07385	1.07385
Y	44	0	1.03926	0.876569	-0	0.553763	0.515681	1.07385	1.07385
Y	45	0	1.03926	0.876569	-0	0.553763	0.515681	1.07385	1.07385
K	26	0	1.03142	0.870912	-0	0.537634	0.499821	1.07565	1.07565
K	27	0	1.03142	0.870912	-0	0.537634	0.499821	1.07565	1.07565
K	28	0	1.03142	0.870912	-0	0.537634	0.499821	1.07565	1.07565
K	31	0	1.03142	0.870912	-0	0.537634	0.499821	1.07565	1.07565
M	17	0	-1.17807	0.870912	-0	0.456989	0.500179	0.913651	0.913651
M	29	0	-1.17807	0.870912	-0	0.456989	0.500179	0.913651	0.913651
M	32	0	-1.17807	0.870912	-0	0.456989	0.500179	0.913651	0.913651
M	38	0	-1.17807	0.870912	-0	0.456989	0.500179	0.913651	0.913651
M	53	0	-1.17807	0.870912	-0	0.456989	0.500179	0.913651	0.913651
A	16	0	-1.18186	0.866482	-0	0.193548	0.230018	0.841449	0.841449
A	37	0	-1.18186	0.866482	-0	0.193548	0.230018	0.841449	0.841449
B	14	0	1.00763	0.866482	-0	0.801075	0.769982	1.04038	1.04038
B	17	0	1.00763	0.866482	-0	0.801075	0.769982	1.04038	1.04038
B	24	0	1.00763	0.866482	-0	0.801075	0.769982	1.04038	1.04038
B	32	0	1.00763	0.866482	-0	0.801075	0.769982	1.04038	1.04038
M	30	0	1.02164	0.864089	-0	0.537634	0.500179	1.07488	1.07488
M	42	0	1.02164	0.864089	-0	0.537634	0.500179	1.07488	1.07488
M	55	0	1.02164	0.864089	-0	0.537634	0.500179	1.07488	1.07488
M	60	0	1.02164	0.864089	-0	0.537634	0.500179	1.07488	1.07488
M	8	0	1.02164	0.864089	-0	0.537634	0.500179	1.07488	1.07488
R	20	0	1.01481	0.859265	-0	0.521505	0.484319	1.07678	1.07678
Y	23	0	-1.16153	0.859265	-0	0.473118	0.515681	0.917463	0.917463
T	59	0	-1.13576	0.8348	-0	0.209677	0.24552	0.854015	0.854015
V	33	0	0.965393	0.8348	-0	0.784946	0.75448	1.04038	1.04038
V	58	0	0.965393	0.8348	-0	0.784946	0.75448	1.04038	1.04038
G	58	0	0.95976	0.828411	-0	0.284946	0.254301	1.12051	1.12051
H	40	0	-1.12814	0.828411	-0	0.709677	0.745699	0.951694	0.951694
H	41	0	-1.12814	0.828411	-0	0.709677	0.745699	0.951694	0.951694
W	19	0	0.96169	0.822975	-0	0.510753	0.475538	1.07405	1.07405
W	26	0	0.96169	0.822975	-0	0.510753	0.475538	1.07405	1.07405
C	24	0	0.949481	0.8206	-0	0.301075	0.270161	1.11443	1.11443
C	29	0	0.949481	0.8206	-0	0.301075	0.270161	1.11443	1.11443
C	45	0	0.949481	0.8206	-0	0.301075	0.270161	1.11443	1.11443
C	52	0	0.949481	0.8206	-0	0.301075	0.270161	1.11443	1.11443
S	59	0	0.947008	0.813187	-0	0.55914	0.524462	1.06612	1.06612
W	24	0	-1.09383	0.813187	-0	0.435484	0.475538	0.915772	0.915772
W	32	0	-1.09383	0.813187	-0	0.435484	0.475538	0.915772	0.915772
W	36	0	-1.09383	0.813187	-0	0.435484	0.475538	0.915772	0.915772
W	52	0	-1.09383	0.813187	-0	0.435484	0.475538	0.915772	0.915772
A	7	0	0.908899	0.797231	-0	0.258065	0.230018	1.12193	1.12193
T	14	0	0.908605	0.795757	-0	0.274194	0.24552	1.11679	1.11679
T	16	0	0.908605	0.795757	-0	0.274194	0.24552	1.11679	1.11679
T	30	0	0.908605	0.795757	-0	0.274194	0.24552	1.11679	1.11679
T	44	0	0.908605	0.795757	-0	0.274194	0.24552	1.11679	1.11679
T	6	0	0.908605	0.795757	-0	0.274194	0.24552	1.11679	1.11679
V	17	0	-1.07897	0.795757	-0	0.72043	0.75448	0.954869	0.954869
G	20	0	-1.06079	0.783863	-0	0.22043	0.254301	0.866808	0.866808
G	31	0	-1.06079	0.783863	-0	0.22043	0.254301	0.866808	0.866808
G	46	0	-1.06079	0.783863	-0	0.22043	0.254301	0.866808	0.866808
G	6	0	-1.06079	0.783863	-0	0.22043	0.254301	0.866808	0.866808
H	19	0	0.892408	0.783863	-0	0.774194	0.745699	1.03821	1.03821
H	45	0	0.892408	0.783863	-0	0.774194	0.745699	1.03821	1.03821
H	7	0	0.892408	0.783863	-0	0.774194	0.745699	1.03821	1.03821
R	34	0	-1.03926	0.777108	-0	0.446237	0.484319	0.921369	0.921369
R	44	0	-1.03926	0.777108	-0	0.446237	0.484319	0.921369	0.921369
R	45	0	-1.03926	0.777108	-0	0.446237	0.484319	0.921369	0.921369
Y	16	0	0.892542	0.777108	-0	0.548387	0.515681	1.06342	1.06342
K	16	0	0.884771	0.77207	-0	0.532258	0.499821	1.0649	1.0649
K	19	0	0.884771	0.77207	-0	0.532258	0.499821	1.0649	1.0649
K	5	0	0.884771	0.77207	-0	0.532258	0.499821	1.0649	1.0649
K	54	0	0.884771	0.77207	-0	0.532258	0.499821	1.0649	1.0649
M	26	0	-1.03142	0.77207	-0	0.462366	0.500179	0.9244	0.9244
M	27	0	-1.03142	0.77207	-0	0.462366	0.500179	0.9244	0.9244
M	28	0	-1.03142	0.77207	-0	0.462366	0.500179	0.9244	0.9244
M	31	0	-1.03142	0.77207	-0	0.462366	0.500179	0.9244	0.9244
C	35	0	-1.03204	0.765803	-0	0.236559	0.270161	0.875622	0.875622
C	6	0	-1.03204	0.765803	-0	0.236559	0.270161	0.875622	0.875622
D	15	0	0.866918	0.765803	-0	0.758065	0.729839	1.03867	1.03867
K	30	0	-1.02164	0.765747	-0	0.462366	0.499821	0.925063	0.925063
K	42	0	-1.02164	0.765747	-0	0.462366	0.499821	0.925063	0.925063
K	55	0	-1.02164	0.765747	-0	0.462366	0.499821	0.925063	0.925063
K	60	0	-1.02164	0.765747	-0	0.462366	0.499821	0.925063	0.925063
K	8	0	-1.02164	0.765747	-0	0.462366	0.499821	0.925063	0.925063
M	46	0	0.874995	0.765747	-0	0.532258	0.500179	1.06413	1.06413
R	30	0	0.868089	0.761383	-0	0.516129	0.484319	1.06568	1.06568
Y	20	0	-1.01481	0.761383	-0	0.478495	0.515681	0.927889	0.927889
A	14	0	-1.00763	0.74657	-0	0.198925	0.230018	0.864823	0.864823
A	17	0	-1.00763	0.74657	-0	0.198925	0.230018	0.864823	0.864823
A	24	0	-1.00763	0.74657	-0	0.198925	0.230018	0.864823	0.864823
A	32	0	-1.00763	0.74657	-0	0.198925	0.230018	0.864823	0.864823
B	19	0	0.833399	0.74657	-0	0.795699	0.769982	1.0334	1.0334
B	49	0	0.833399	0.74657	-0	0.795699	0.769982	1.0334	1.0334
B	52	0	0.833399	0.74657	-0	0.795699	0.769982	1.0334	1.0334
S	19	0	-0.96169	0.72781	-0	0.489247	0.524462	0.932855	0.932855
S	26	0	-0.96169	0.72781	-0	0.489247	0.524462	0.932855	0.932855
W	12	0	0.814867	0.72781	-0	0.505376	0.475538	1.06275	1.06275
W	15	0	0.814867	0.72781	-0	0.505376	0.475538	1.06275	1.06275
W	21	0	0.814867	0.72781	-0	0.505376	0.475538	1.06275	1.06275
W	25	0	0.814867	0.72781	-0	0.505376	0.475538	1.06275	1.06275
G	25	0	0.791381	0.721852	-0	0.27957	0.254301	1.09937	1.09937
G	5	0	0.791381	0.721852	-0	0.27957	0.254301	1.09937	1.09937
G	59	0	0.791381	0.721852	-0	0.27957	0.254301	1.09937	1.09937
G	60	0	0.791381	0.721852	-0	0.27957	0.254301	1.09937	1.09937
H	58	0	-0.95976	0.721852	-0	0.715054	0.745699	0.958904	0.958904
T	33	0	-0.965393	0.720691	-0	0.215054	0.24552	0.875912	0.875912
T	58	0	-0.965393	0.720691	-0	0.215054	0.24552	0.875912	0.875912
S	18	0	0.800185	0.718347	-0	0.553763	0.524462	1.05587	1.05587
S	40	0	0.800185	0.718347	-0	0.553763	0.524462	1.05587	1.05587
S	7	0	0.800185	0.718347	-0	0.553763	0.524462	1.05587	1.05587
W	59	0	-0.947008	0.718347	-0	0.44086	0.475538	0.927077	0.927077
C	46	0	0.784354	0.716426	-0	0.295699	0.270161	1.09453	1.09453
D	24	0	-0.949481	0.716426	-0	0.698925	0.729839	0.957643	0.957643
D	29	0	-0.949481	0.716426	-0	0.698925	0.729839	0.957643	0.957643
D	45	0	-0.949481	0.716426	-0	0.698925	0.729839	0.957643	0.957643
D	52	0	-0.949481	0.716426	-0	0.698925	0.729839	0.957643	0.957643
T	49	0	0.738242	0.690785	-0	0.268817	0.24552	1.09489	1.09489
T	8	0	0.738242	0.690785	-0	0.268817	0.24552	1.09489	1.09489
V	14	0	-0.908605	0.690785	-0	0.725806	0.75448	0.961995	0.961995
V	16	0	-0.908605	0.690785	-0	0.725806	0.75448	0.961995	0.961995
V	30	0	-0.908605	0.690785	-0	0.725806	0.75448	0.961995	0.961995
V	44	0	-0.908605	0.690785	-0	0.725806	0.75448	0.961995	0.961995
V	6	0	-0.908605	0.690785	-0	0.725806	0.75448	0.961995	0.961995
A	15	0	0.734669	0.690074	-0	0.252688	0.230018	1.09856	1.09856
A	55	0	0.734669	0.690074	-0	0.252688	0.230018	1.09856	1.09856
B	7	0	-0.908899	0.690074	-0	0.741935	0.769982	0.963575	0.963575
R	16	0	-0.892542	0.685188	-0	0.451613	0.484319	0.93247	0.93247
Y	25	0	0.745823	0.685188	-0	0.543011	0.515681	1.053	1.053
Y	46	0	0.745823	0.685188	-0	0.543011	0.515681	1.053	1.053
K	2	0	0.738124	0.680707	-0	0.526882	0.499821	1.05414	1.05414
M	16	0	-0.884771	0.680707	-0	0.467742	0.500179	0.935149	0.935149
M	19	0	-0.884771	0.680707	-0	0.467742	0.500179	0.935149	0.935149
M	5	0	-0.884771	0.680707	-0	0.467742	0.500179	0.935149	0.935149
M	54	0	-0.884771	0.680707	-0	0.467742	0.500179	0.935149	0.935149
G	19	0	-0.892408	0.67596	-0	0.225806	0.254301	0.887949	0.887949
G	45	0	-0.892408	0.67596	-0	0.225806	0.254301	0.887949	0.887949
G	7	0	-0.892408	0.67596	-0	0.225806	0.254301	0.887949	0.887949
K	46	0	-0.874995	0.674873	-0	0.467742	0.499821	0.935819	0.935819
M	10	0	0.728347	0.674873	-0	0.526882	0.500179	1.05339	1.05339
R	22	0	0.72137	0.670924	-0	0.510753	0.484319	1.05458	1.05458
R	38	0	0.72137	0.670924	-0	0.510753	0.484319	1.05458	1.05458
R	39	0	0.72137	0.670924	-0	0.510753	0.484319	1.05458	1.05458
R	40	0	0.72137	0.670924	-0	0.510753	0.484319	1.05458	1.05458
R	59	0	0.72137	0.670924	-0	0.510753	0.484319	1.05458	1.05458
R	8	0	0.72137	0.670924	-0	0.510753	0.484319	1.05458	1.05458
R	9	0	0.72137	0.670924	-0	0.510753	0.484319	1.05458	1.05458
Y	30	0	-0.868089	0.670924	-0	0.483871	0.515681	0.938314	0.938314
C	15	0	-0.866918	0.661785	-0	0.241935	0.270161	0.895522	0.895522
D	36	0	0.70179	0.661785	-0	0.752688	0.729839	1.03131	1.03131
D	38	0	0.70179	0.661785	-0	0.752688	0.729839	1.03131	1.03131
D	39	0	0.70179	0.661785	-0	0.752688	0.729839	1.03131	1.03131
S	12	0	-0.814867	0.639993	-0	0.494624	0.524462	0.943106	0.943106
S	15	0	-0.814867	0.639993	-0	0.494624	0.524462	0.943106	0.943106
S	21	0	-0.814867	0.639993	-0	0.494624	0.524462	0.943106	0.943106
S	25	0	-0.814867	0.639993	-0	0.494624	0.524462	0.943106	0.943106
A	19	0	-0.833399	0.638476	-0	0.204301	0.230018	0.888196	0.888196
A	49	0	-0.833399	0.638476	-0	0.204301	0.230018	0.888196	0.888196
A	52	0	-0.833399	0.638476	-0	0.204301	0.230018	0.888196	0.888196
B	38	0	0.659169	0.638476	-0	0.790323	0.769982	1.02642	1.02642
S	38	0	0.653362	0.630962	-0	0.548387	0.524462	1.04562	1.04562
W	18	0	-0.800185	0.630962	-0	0.446237	0.475538	0.938383	0.938383
W	40	0	-0.800185	0.630962	-0	0.446237	0.475538	0.938383	0.938383
W	7	0	-0.800185	0.630962	-0	0.446237	0.475538	0.938383	0.938383
H	25	0	-0.791381	0.624127	-0	0.72043	0.745699	0.966114	0.966114
H	5	0	-0.791381	0.624127	-0	0.72043	0.745699	0.966114	0.966114
H	59	0	-0.791381	0.624127	-0	0.72043	0.745699	0.966114	0.966114
H	60	0	-0.791381	0.624127	-0	0.72043	0.745699	0.966114	0.966114
C	14	0	0.619227	0.620806	-0	0.290323	0.270161	1.07463	1.07463
C	27	0	0.619227	0.620806	-0	0.290323	0.270161	1.07463	1.07463
C	31	0	0.619227	0.620806	-0	0.290323	0.270161	1.07463	1.07463
D	46	0	-0.784354	0.620806	-0	0.704301	0.729839	0.965009	0.965009
V	12	0	0.624666	0.617655	-0	0.774194	0.75448	1.02613	1.02613
V	18	0	0.624666	0.617655	-0	0.774194	0.75448	1.02613	1.02613
V	20	0	0.624666	0.617655	-0	0.774194	0.75448	1.02613	1.02613
V	29	0	0.624666	0.617655	-0	0.774194	0.75448	1.02613	1.02613
V	4	0	0.624666	0.617655	-0	0.774194	0.75448	1.02613	1.02613
V	40	0	0.624666	0.617655	-0	0.774194	0.75448	1.02613	1.02613
V	47	0	0.624666	0.617655	-0	0.774194	0.75448	1.02613	1.02613
V	55	0	0.624666	0.617655	-0	0.774194	0.75448	1.02613	1.02613
V	56	0	0.624666	0.617655	-0	0.774194	0.75448	1.02613	1.02613
R	25	0	-0.745823	0.600617	-0	0.456989	0.484319	0.943571	0.943571
R	46	0	-0.745823	0.600617	-0	0.456989	0.484319	0.943571	0.943571
Y	17	0	0.599104	0.600617	-0	0.537634	0.515681	1.04257	1.04257
Y	24	0	0.599104	0.600617	-0	0.537634	0.515681	1.04257	1.04257
Y	41	0	0.599104	0.600617	-0	0.537634	0.515681	1.04257	1.04257
M	2	0	-0.738124	0.596637	-0	0.473118	0.500179	0.945898	0.945898
T	13	0	0.567878	0.59477	-0	0.263441	0.24552	1.07299	1.07299
T	21	0	0.567878	0.59477	-0	0.263441	0.24552	1.07299	1.07299
V	49	0	-0.738242	0.59477	-0	0.731183	0.75448	0.969121	0.969121
V	8	0	-0.738242	0.59477	-0	0.731183	0.75448	0.969121	0.969121
A	9	0	0.560439	0.592207	-0	0.247312	0.230018	1.07519	1.07519
B	15	0	-0.734669	0.592207	-0	0.747312	0.769982	0.970557	0.970557
B	55	0	-0.734669	0.592207	-0	0.747312	0.769982	0.970557	0.970557
K	10	0	-0.728347	0.591281	-0	0.473118	0.499821	0.946576	0.946576
M	22	0	0.5817	0.591281	-0	0.521505	0.500179	1.04264	1.04264
M	45	0	0.5817	0.591281	-0	0.521505	0.500179	1.04264	1.04264
R	15	0	0.574651	0.587708	-0	0.505376	0.484319	1.04348	1.04348
R	32	0	0.574651	0.587708	-0	0.505376	0.484319	1.04348	1.04348
Y	22	0	-0.72137	0.587708	-0	0.489247	0.515681	0.94874	0.94874
Y	38	0	-0.72137	0.587708	-0	0.489247	0.515681	0.94874	0.94874
Y	39	0	-0.72137	0.587708	-0	0.489247	0.515681	0.94874	0.94874
Y	40	0	-0.72137	0.587708	-0	0.489247	0.515681	0.94874	0.94874
Y	59	0	-0.72137	0.587708	-0	0.489247	0.515681	0.94874	0.94874
Y	8	0	-0.72137	0.587708	-0	0.489247	0.515681	0.94874	0.94874
Y	9	0	-0.72137	0.587708	-0	0.489247	0.515681	0.94874	0.94874
H	14	0	0.55565	0.578619	-0	0.763441	0.745699	1.02379	1.02379
H	55	0	0.55565	0.578619	-0	0.763441	0.745699	1.02379	1.02379
C	36	0	-0.70179	0.567782	-0	0.247312	0.270161	0.915423	0.915423
C	38	0	-0.70179	0.567782	-0	0.247312	0.270161	0.915423	0.915423
C	39	0	-0.70179	0.567782	-0	0.247312	0.270161	0.915423	0.915423
D	1	0	0.536663	0.567782	-0	0.747312	0.729839	1.02394	1.02394
D	20	0	0.536663	0.567782	-0	0.747312	0.729839	1.02394	1.02394
D	33	0	0.536663	0.567782	-0	0.747312	0.729839	1.02394	1.02394
D	54	0	0.536663	0.567782	-0	0.747312	0.729839	1.02394	1.02394
S	56	0	0.506539	0.550827	-0	0.543011	0.524462	1.03537	1.03537
W	38	0	-0.653362	0.550827	-0	0.451613	0.475538	0.949689	0.949689
A	38	0	-0.659169	0.541641	-0	0.209677	0.230018	0.91157	0.91157
B	54	0	0.48494	0.541641	-0	0.784946	0.769982	1.01943	1.01943
G	39	0	0.454623	0.535072	-0	0.268817	0.254301	1.05708	1.05708
G	42	0	0.454623	0.535072	-0	0.268817	0.254301	1.05708	1.05708
C	11	0	0.4541	0.533577	-0	0.284946	0.270161	1.05473	1.05473
C	26	0	0.4541	0.533577	-0	0.284946	0.270161	1.05473	1.05473
C	55	0	0.4541	0.533577	-0	0.284946	0.270161	1.05473	1.05473
D	14	0	-0.619227	0.533577	-0	0.709677	0.729839	0.972376	0.972376
D	27	0	-0.619227	0.533577	-0	0.709677	0.729839	0.972376	0.972376
D	31	0	-0.619227	0.533577	-0	0.709677	0.729839	0.972376	0.972376
T	12	0	-0.624666	0.525187	-0	0.225806	0.24552	0.919708	0.919708
T	18	0	-0.624666	0.525187	-0	0.225806	0.24552	0.919708	0.919708
T	20	0	-0.624666	0.525187	-0	0.225806	0.24552	0.919708	0.919708
T	29	0	-0.624666	0.525187	-0	0.225806	0.24552	0.919708	0.919708
T	4	0	-0.624666	0.525187	-0	0.225806	0.24552	0.919708	0.919708
T	40	0	-0.624666	0.525187	-0	0.225806	0.24552	0.919708	0.919708
T	47	0	-0.624666	0.525187	-0	0.225806	0.24552	0.919708	0.919708
T	55	0	-0.624666	0.525187	-0	0.225806	0.24552	0.919708	0.919708
T	56	0	-0.624666	0.525187	-0	0.225806	0.24552	0.919708	0.919708
V	11	0	0.454303	0.525187	-0	0.768817	0.75448	1.019	1.019
V	43	0	0.454303	0.525187	-0	0.768817	0.75448	1.019	1.019
V	52	0	0.454303	0.525187	-0	0.768817	0.75448	1.019	1.019
R	17	0	-0.599104	0.523188	-0	0.462366	0.484319	0.954672	0.954672
R	24	0	-0.599104	0.523188	-0	0.462366	0.484319	0.954672	0.954672
R	41	0	-0.599104	0.523188	-0	0.462366	0.484319	0.954672	0.954672
Y	52	0	0.452384	0.523188	-0	0.532258	0.515681	1.03215	1.03215
Y	60	0	0.452384	0.523188	-0	0.532258	0.515681	1.03215	1.03215
K	1	0	0.44483	0.519658	-0	0.516129	0.499821	1.03263	1.03263
K	40	0	0.44483	0.519658	-0	0.516129	0.499821	1.03263	1.03263
K	22	0	-0.5817	0.514766	-0	0.478495	0.499821	0.957332	0.957332
K	45	0	-0.5817	0.514766	-0	0.478495	0.499821	0.957332	0.957332
M	11	0	0.435053	0.514766	-0	0.516129	0.500179	1.03189	1.03189
M	41	0	0.435053	0.514766	-0	0.516129	0.500179	1.03189	1.03189
R	28	0	0.427931	0.511533	-0	0.5	0.484319	1.03238	1.03238
R	36	0	0.427931	0.511533	-0	0.5	0.484319	1.03238	1.03238
Y	15	0	-0.574651	0.511533	-0	0.494624	0.515681	0.959166	0.959166
Y	32	0	-0.574651	0.511533	-0	0.494624	0.515681	0.959166	0.959166
T	48	0	0.397515	0.507536	-0	0.258065	0.24552	1.05109	1.05109
V	13	0	-0.567878	0.507536	-0	0.736559	0.75448	0.976247	0.976247
V	21	0	-0.567878	0.507536	-0	0.736559	0.75448	0.976247	0.976247
A	2	0	0.386209	0.503455	-0	0.241935	0.230018	1.05181	1.05181
A	21	0	0.386209	0.503455	-0	0.241935	0.230018	1.05181	1.05181
A	39	0	0.386209	0.503455	-0	0.241935	0.230018	1.05181	1.05181
B	9	0	-0.560439	0.503455	-0	0.752688	0.769982	0.97754	0.97754
G	14	0	-0.55565	0.491355	-0	0.236559	0.254301	0.930233	0.930233
G	55	0	-0.55565	0.491355	-0	0.236559	0.254301	0.930233	0.930233
W	31	0	0.374398	0.485642	-0	0.489247	0.475538	1.02883	1.02883
W	58	0	0.374398	0.485642	-0	0.489247	0.475538	1.02883	1.02883
C	1	0	-0.536663	0.483348	-0	0.252688	0.270161	0.935323	0.935323
C	20	0	-0.536663	0.483348	-0	0.252688	0.270161	0.935323	0.935323
C	33	0	-0.536663	0.483348	-0	0.252688	0.270161	0.935323	0.935323
C	54	0	-0.536663	0.483348	-0	0.252688	0.270161	0.935323	0.935323
D	17	0	0.371536	0.483348	-0	0.741935	0.729839	1.01657	1.01657
D	32	0	0.371536	0.483348	-0	0.741935	0.729839	1.01657	1.01657
D	37	0	0.371536	0.483348	-0	0.741935	0.729839	1.01657	1.01657
D	57	0	0.371536	0.483348	-0	0.741935	0.729839	1.01657	1.01657
S	11	0	0.359716	0.477721	-0	0.537634	0.524462	1.02512	1.02512
S	27	0	0.359716	0.477721	-0	0.537634	0.524462	1.02512	1.02512
W	56	0	-0.506539	0.477721	-0	0.456989	0.475538	0.960995	0.960995
A	54	0	-0.48494	0.455488	-0	0.215054	0.230018	0.934944	0.934944
B	13	0	0.31071	0.455488	-0	0.77957	0.769982	1.01245	1.01245
B	18	0	0.31071	0.455488	-0	0.77957	0.769982	1.01245	1.01245
B	40	0	0.31071	0.455488	-0	0.77957	0.769982	1.01245	1.01245
B	45	0	0.31071	0.455488	-0	0.77957	0.769982	1.01245	1.01245
C	44	0	0.288973	0.454544	-0	0.27957	0.270161	1.03483	1.03483
C	56	0	0.288973	0.454544	-0	0.27957	0.270161	1.03483	1.03483
C	59	0	0.288973	0.454544	-0	0.27957	0.270161	1.03483	1.03483
D	11	0	-0.4541	0.454544	-0	0.715054	0.729839	0.979742	0.979742
D	26	0	-0.4541	0.454544	-0	0.715054	0.729839	0.979742	0.979742
D	55	0	-0.4541	0.454544	-0	0.715054	0.729839	0.979742	0.979742
G	12	0	0.286244	0.454493	-0	0.263441	0.254301	1.03594	1.03594
G	17	0	0.286244	0.454493	-0	0.263441	0.254301	1.03594	1.03594
G	24	0	0.286244	0.454493	-0	0.263441	0.254301	1.03594	1.03594
G	52	0	0.286244	0.454493	-0	0.263441	0.254301	1.03594	1.03594
G	56	0	0.286244	0.454493	-0	0.263441	0.254301	1.03594	1.03594
G	9	0	0.286244	0.454493	-0	0.263441	0.254301	1.03594	1.03594
H	39	0	-0.454623	0.454493	-0	0.731183	0.745699	0.980534	0.980534
H	42	0	-0.454623	0.454493	-0	0.731183	0.745699	0.980534	0.980534
R	52	0	-0.452384	0.452676	-0	0.467742	0.484319	0.965772	0.965772
R	60	0	-0.452384	0.452676	-0	0.467742	0.484319	0.965772	0.965772
Y	10	0	0.305665	0.452676	-0	0.526882	0.515681	1.02172	1.02172
Y	29	0	0.305665	0.452676	-0	0.526882	0.515681	1.02172	1.02172
K	14	0	0.298182	0.44955	-0	0.510753	0.499821	1.02187	1.02187
K	39	0	0.298182	0.44955	-0	0.510753	0.499821	1.02187	1.02187
M	1	0	-0.44483	0.44955	-0	0.483871	0.500179	0.967395	0.967395
M	40	0	-0.44483	0.44955	-0	0.483871	0.500179	0.967395	0.967395
K	11	0	-0.435053	0.445108	-0	0.483871	0.499821	0.968089	0.968089
K	41	0	-0.435053	0.445108	-0	0.483871	0.499821	0.968089	0.968089
M	12	0	0.288406	0.445108	-0	0.510753	0.500179	1.02114	1.02114
M	56	0	0.288406	0.445108	-0	0.510753	0.500179	1.02114	1.02114
M	59	0	0.288406	0.445108	-0	0.510753	0.500179	1.02114	1.02114
T	11	0	-0.454303	0.442765	-0	0.231183	0.24552	0.941606	0.941606
T	43	0	-0.454303	0.442765	-0	0.231183	0.24552	0.941606	0.941606
T	52	0	-0.454303	0.442765	-0	0.231183	0.24552	0.941606	0.941606
V	24	0	0.283939	0.442765	-0	0.763441	0.75448	1.01188	1.01188
V	3	0	0.283939	0.442765	-0	0.763441	0.75448	1.01188	1.01188
V	32	0	0.283939	0.442765	-0	0.763441	0.75448	1.01188	1.01188
V	34	0	0.283939	0.442765	-0	0.763441	0.75448	1.01188	1.01188
R	56	0	0.281212	0.442185	-0	0.494624	0.484319	1.02128	1.02128
Y	28	0	-0.427931	0.442185	-0	0.5	0.515681	0.969592	0.969592
Y	36	0	-0.427931	0.442185	-0	0.5	0.515681	0.969592	0.969592
T	15	0	0.227151	0.428877	-0	0.252688	0.24552	1.0292	1.0292
T	36	0	0.227151	0.428877	-0	0.252688	0.24552	1.0292	1.0292
T	45	0	0.227151	0.428877	-0	0.252688	0.24552	1.0292	1.0292
T	5	0	0.227151	0.428877	-0	0.252688	0.24552	1.0292	1.0292
V	48	0	-0.397515	0.428877	-0	0.741935	0.75448	0.983373	0.983373
A	46	0	0.21198	0.423604	-0	0.236559	0.230018	1.02844	1.02844
A	57	0	0.21198	0.423604	-0	0.236559	0.230018	1.02844	1.02844
B	2	0	-0.386209	0.423604	-0	0.758065	0.769982	0.984522	0.984522
B	21	0	-0.386209	0.423604	-0	0.758065	0.769982	0.984522	0.984522
B	39	0	-0.386209	0.423604	-0	0.758065	0.769982	0.984522	0.984522
S	31	0	-0.374398	0.418684	-0	0.510753	0.524462	0.97386	0.97386
S	58	0	-0.374398	0.418684	-0	0.510753	0.524462	0.97386	0.97386
W	13	0	0.227576	0.418684	-0	0.483871	0.475538	1.01752	1.01752
W	39	0	0.227576	0.418684	-0	0.483871	0.475538	1.01752	1.01752
W	46	0	0.227576	0.418684	-0	0.483871	0.475538	1.01752	1.01752
H	23	0	0.218893	0.413663	-0	0.752688	0.745699	1.00937	1.00937
H	27	0	0.218893	0.413663	-0	0.752688	0.745699	1.00937	1.00937
S	16	0	0.212893	0.411403	-0	0.532258	0.524462	1.01486	1.01486
S	42	0	0.212893	0.411403	-0	0.532258	0.524462	1.01486	1.01486
W	11	0	-0.359716	0.411403	-0	0.462366	0.475538	0.972301	0.972301
W	27	0	-0.359716	0.411403	-0	0.462366	0.475538	0.972301	0.972301
C	17	0	-0.371536	0.408022	-0	0.258065	0.270161	0.955224	0.955224
C	32	0	-0.371536	0.408022	-0	0.258065	0.270161	0.955224	0.955224
C	37	0	-0.371536	0.408022	-0	0.258065	0.270161	0.955224	0.955224
C	57	0	-0.371536	0.408022	-0	0.258065	0.270161	0.955224	0.955224
D	19	0	0.206409	0.408022	-0	0.736559	0.729839	1.00921	1.00921
D	40	0	0.206409	0.408022	-0	0.736559	0.729839	1.00921	1.00921
D	42	0	0.206409	0.408022	-0	0.736559	0.729839	1.00921	1.00921
R	10	0	-0.305665	0.388838	-0	0.473118	0.484319	0.976873	0.976873
R	29	0	-0.305665	0.388838	-0	0.473118	0.484319	0.976873	0.976873
K	15	0	0.151535	0.386075	-0	0.505376	0.499821	1.01112	1.01112
K	57	0	0.151535	0.386075	-0	0.505376	0.499821	1.01112	1.01112
M	14	0	-0.298182	0.386075	-0	0.489247	0.500179	0.978144	0.978144
M	39	0	-0.298182	0.386075	-0	0.489247	0.500179	0.978144	0.978144
C	16	0	0.123845	0.38348	-0	0.274194	0.270161	1.01493	1.01493
D	44	0	-0.288973	0.38348	-0	0.72043	0.729839	0.987109	0.987109
D	56	0	-0.288973	0.38348	-0	0.72043	0.729839	0.987109	0.987109
D	59	0	-0.288973	0.38348	-0	0.72043	0.729839	0.987109	0.987109
G	16	0	0.117865	0.382157	-0	0.258065	0.254301	1.0148	1.0148
G	3	0	0.117865	0.382157	-0	0.258065	0.254301	1.0148	1.0148
G	51	0	0.117865	0.382157	-0	0.258065	0.254301	1.0148	1.0148
H	12	0	-0.286244	0.382157	-0	0.736559	0.745699	0.987743	0.987743
H	17	0	-0.286244	0.382157	-0	0.736559	0.745699	0.987743	0.987743
H	24	0	-0.286244	0.382157	-0	0.736559	0.745699	0.987743	0.987743
H	52	0	-0.286244	0.382157	-0	0.736559	0.745699	0.987743	0.987743
H	56	0	-0.286244	0.382157	-0	0.736559	0.745699	0.987743	0.987743
H	9	0	-0.286244	0.382157	-0	0.736559	0.745699	0.987743	0.987743
K	12	0	-0.288406	0.382066	-0	0.489247	0.499821	0.978845	0.978845
K	56	0	-0.288406	0.382066	-0	0.489247	0.499821	0.978845	0.978845
K	59	0	-0.288406	0.382066	-0	0.489247	0.499821	0.978845	0.978845
M	23	0	0.141759	0.382066	-0	0.505376	0.500179	1.01039	1.01039
M	3	0	0.141759	0.382066	-0	0.505376	0.500179	1.01039	1.01039
M	52	0	0.141759	0.382066	-0	0.505376	0.500179	1.01039	1.01039
M	6	0	0.141759	0.382066	-0	0.505376	0.500179	1.01039	1.01039
A	13	0	-0.31071	0.379427	-0	0.22043	0.230018	0.958317	0.958317
A	18	0	-0.31071	0.379427	-0	0.22043	0.230018	0.958317	0.958317
A	40	0	-0.31071	0.379427	-0	0.22043	0.230018	0.958317	0.958317
A	45	0	-0.31071	0.379427	-0	0.22043	0.230018	0.958317	0.958317
R	55	0	0.134493	0.379427	-0	0.489247	0.484319	1.01018	1.01018
R	6	0	0.134493	0.379427	-0	0.489247	0.484319	1.01018	1.01018
Y	56	0	-0.281212	0.379427	-0	0.505376	0.515681	0.980017	0.980017
T	24	0	-0.283939	0.369846	-0	0.236559	0.24552	0.963504	0.963504
T	3	0	-0.283939	0.369846	-0	0.236559	0.24552	0.963504	0.963504
T	32	0	-0.283939	0.369846	-0	0.236559	0.24552	0.963504	0.963504
T	34	0	-0.283939	0.369846	-0	0.236559	0.24552	0.963504	0.963504
V	38	0	0.113576	0.369846	-0	0.758065	0.75448	1.00475	1.00475
V	39	0	0.113576	0.369846	-0	0.758065	0.75448	1.00475	1.00475
T	23	0	0.0567878	0.358543	-0	0.247312	0.24552	1.0073	1.0073
T	46	0	0.0567878	0.358543	-0	0.247312	0.24552	1.0073	1.0073
T	50	0	0.0567878	0.358543	-0	0.247312	0.24552	1.0073	1.0073
V	15	0	-0.227151	0.358543	-0	0.747312	0.75448	0.990499	0.990499
V	36	0	-0.227151	0.358543	-0	0.747312	0.75448	0.990499	0.990499
V	45	0	-0.227151	0.358543	-0	0.747312	0.75448	0.990499	0.990499
V	5	0	-0.227151	0.358543	-0	0.747312	0.75448	0.990499	0.990499
S	13	0	-0.227576	0.358223	-0	0.516129	0.524462	0.984111	0.984111
S	39	0	-0.227576	0.358223	-0	0.516129	0.524462	0.984111	0.984111
S	46	0	-0.227576	0.358223	-0	0.516129	0.524462	0.984111	0.984111
W	17	0	0.0807526	0.358223	-0	0.478495	0.475538	1.00622	1.00622
W	55	0	0.0807526	0.358223	-0	0.478495	0.475538	1.00622	1.00622
A	1	0	0.0377498	0.352398	-0	0.231183	0.230018	1.00506	1.00506
A	11	0	0.0377498	0.352398	-0	0.231183	0.230018	1.00506	1.00506
A	56	0	0.0377498	0.352398	-0	0.231183	0.230018	1.00506	1.00506
A	59	0	0.0377498	0.352398	-0	0.231183	0.230018	1.00506	1.00506
B	46	0	-0.21198	0.352398	-0	0.763441	0.769982	0.991505	0.991505
B	57	0	-0.21198	0.352398	-0	0.763441	0.769982	0.991505	0.991505
S	14	0	0.0660703	0.351616	-0	0.526882	0.524462	1.00461	1.00461
S	45	0	0.0660703	0.351616	-0	0.526882	0.524462	1.00461	1.00461
S	49	0	0.0660703	0.351616	-0	0.526882	0.524462	1.00461	1.00461
W	16	0	-0.212893	0.351616	-0	0.467742	0.475538	0.983607	0.983607
W	42	0	-0.212893	0.351616	-0	0.467742	0.475538	0.983607	0.983607
G	23	0	-0.218893	0.345023	-0	0.247312	0.254301	0.972516	0.972516
G	27	0	-0.218893	0.345023	-0	0.247312	0.254301	0.972516	0.972516
H	11	0	0.0505137	0.345023	-0	0.747312	0.745699	1.00216	1.00216
H	15	0	0.0505137	0.345023	-0	0.747312	0.745699	1.00216	1.00216
C	19	0	-0.206409	0.341322	-0	0.263441	0.270161	0.975124	0.975124
C	40	0	-0.206409	0.341322	-0	0.263441	0.270161	0.975124	0.975124
C	42	0	-0.206409	0.341322	-0	0.263441	0.270161	0.975124	0.975124
D	53	0	0.0412818	0.341322	-0	0.731183	0.729839	1.00184	1.00184
Y	11	0	0.0122266	0.331413	-0	0.516129	0.515681	1.00087	1.00087
Y	7	0	0.0122266	0.331413	-0	0.516129	0.515681	1.00087	1.00087
K	24	0	0.00488824	0.328975	-0	0.5	0.499821	1.00036	1.00036
K	58	0	0.00488824	0.328975	-0	0.5	0.499821	1.00036	1.00036
M	15	0	-0.151535	0.328975	-0	0.494624	0.500179	0.988893	0.988893
M	57	0	-0.151535	0.328975	-0	0.494624	0.500179	0.988893	0.988893
K	23	0	-0.141759	0.325382	-0	0.494624	0.499821	0.989602	0.989602
K	3	0	-0.141759	0.325382	-0	0.494624	0.499821	0.989602	0.989602
K	52	0	-0.141759	0.325382	-0	0.494624	0.499821	0.989602	0.989602
K	6	0	-0.141759	0.325382	-0	0.494624	0.499821	0.989602	0.989602
M	24	0	-0.00488824	0.325382	-0	0.5	0.500179	0.999642	0.999642
M	58	0	-0.00488824	0.325382	-0	0.5	0.500179	0.999642	0.999642
R	11	0	-0.0122266	0.323002	-0	0.483871	0.484319	0.999075	0.999075
R	7	0	-0.0122266	0.323002	-0	0.483871	0.484319	0.999075	0.999075
Y	55	0	-0.134493	0.323002	-0	0.510753	0.515681	0.990443	0.990443
Y	6	0	-0.134493	0.323002	-0	0.510753	0.515681	0.990443	0.990443
C	53	0	-0.0412818	0.32012	-0	0.268817	0.270161	0.995025	0.995025
D	16	0	-0.123845	0.32012	-0	0.725806	0.729839	0.994475	0.994475
G	11	0	-0.0505137	0.317793	-0	0.252688	0.254301	0.993657	0.993657
G	15	0	-0.0505137	0.317793	-0	0.252688	0.254301	0.993657	0.993657
H	16	0	-0.117865	0.317793	-0	0.741935	0.745699	0.994953	0.994953
H	3	0	-0.117865	0.317793	-0	0.741935	0.745699	0.994953	0.994953
H	51	0	-0.117865	0.317793	-0	0.741935	0.745699	0.994953	0.994953
B	1	0	-0.0377498	0.312842	-0	0.768817	0.769982	0.998487	0.998487
B	11	0	-0.0377498	0.312842	-0	0.768817	0.769982	0.998487	0.998487
B	56	0	-0.0377498	0.312842	-0	0.768817	0.769982	0.998487	0.998487
B	59	0	-0.0377498	0.312842	-0	0.768817	0.769982	0.998487	0.998487
T	38	0	-0.113576	0.305869	-0	0.241935	0.24552	0.985401	0.985401
T	39	0	-0.113576	0.305869	-0	0.241935	0.24552	0.985401	0.985401
V	23	0	-0.0567878	0.305869	-0	0.752688	0.75448	0.997625	0.997625
V	46	0	-0.0567878	0.305869	-0	0.752688	0.75448	0.997625	0.997625
V	50	0	-0.0567878	0.305869	-0	0.752688	0.75448	0.997625	0.997625
S	17	0	-0.0807526	0.303999	-0	0.521505	0.524462	0.994362	0.994362
S	55	0	-0.0807526	0.303999	-0	0.521505	0.524462	0.994362	0.994362
W	14	0	-0.0660703	0.303999	-0	0.473118	0.475538	0.994912	0.994912
W	45	0	-0.0660703	0.303999	-0	0.473118	0.475538	0.994912	0.994912
W	49	0	-0.0660703	0.303999	-0	0.473118	0.475538	0.994912	0.994912
