#kmer	position	shift	statistics	p-value	corrected.p	frac.obs	frac.exp	obs/exp	local.r
ANNG	1	0	5.26311	5.73477	1.58482	0.155914	0.0625	2.49462	2.8893
CANA	2	0	4.78523	4.3663	0.216341	0.0591398	0.015625	3.78495	4.24286
TNAG	3	0	5.37646	5.04744	0.897479	0.0645161	0.015625	4.12903	6.35294
GAG	4	0	7.74136	8.08831	3.93835	0.0860215	0.015625	5.50538	4.71579
AG	5	0	6.77768	8.30159	4.15164	0.182796	0.0625	2.92473	2.71625
G	6	0	6.51934	9.53421	5.38426	0.456989	0.25	1.82796	1.78197
TGTC	7	0	6.19879	4.98796	0.838002	0.0322581	0.00390625	8.25806	10.125
AGAG	8	0	6.19879	4.98796	0.838002	0.0322581	0.00390625	8.25806	6.75
GNCC	9	0	4.78523	4.3663	0.216341	0.0591398	0.015625	3.78495	2.80189
GCC	10	0	3.60278	3.1138	-0	0.0483871	0.015625	3.09677	1.81295
CC	11	0	4.35437	4.3887	0.238742	0.139785	0.0625	2.23656	1.60085
TGC	12	0	4.19401	3.7209	-0	0.0537634	0.015625	3.44086	2.54545
CCTT	13	0	5.02332	3.98554	-0	0.0268817	0.00390625	6.88172	4.65517
C	14	0	3.81	4.03192	-0	0.370968	0.25	1.48387	1.26606
TNNC	15	0	3.74855	3.57871	-0	0.129032	0.0625	2.06452	2.0836
GNCT	16	0	4.78523	4.3663	0.216341	0.0591398	0.015625	3.78495	2.72477
CNNC	17	0	5.26311	5.73477	1.58482	0.155914	0.0625	2.49462	1.4718
CNNC	18	0	10.7155	16	11.85	0.252688	0.0625	4.04301	2.46887
CNNC	19	0	10.7155	16	11.85	0.252688	0.0625	4.04301	2.46887
CNNC	20	0	5.26311	5.73477	1.58482	0.155914	0.0625	2.49462	1.4718
CNNC	21	0	6.17185	7.22848	3.07852	0.172043	0.0625	2.75269	1.63327
C	22	0	4.318	4.8829	0.732944	0.387097	0.25	1.54839	1.32353
GGG	23	0	4.19401	3.7209	-0	0.0537634	0.015625	3.44086	2.22222
GG	24	0	4.9602	5.26917	1.11921	0.150538	0.0625	2.4086	1.9061
GAGG	25	0	6.19879	4.98796	0.838002	0.0322581	0.00390625	8.25806	4.5
AGG	26	0	4.78523	4.3663	0.216341	0.0591398	0.015625	3.78495	2.85185
GG	27	0	3.44564	3.20128	-0	0.123656	0.0625	1.97849	1.54756
GANG	28	0	4.78523	4.3663	0.216341	0.0591398	0.015625	3.78495	3.26374
GNC	29	0	3.44564	3.20128	-0	0.123656	0.0625	1.97849	1.53333
CC	30	0	2.83981	2.50403	-0	0.112903	0.0625	1.80645	1.27941
C	31	0	3.13267	3.02862	-0	0.349462	0.25	1.39785	1.18975
CG	1	0	-3.21845	4.08624	-0	0.00537634	0.0625	0.0860215	0.121339
ANT	2	0	-2.61262	2.60854	-0	0.016129	0.0625	0.258065	0.375
ANNT	3	0	-2.61262	2.60854	-0	0.016129	0.0625	0.258065	0.329268
CG	4	0	-3.52136	5.21334	1.06338	0	0.0625	0	0
G	5	0	-2.794	2.61943	-0	0.16129	0.25	0.645161	0.605653
TA	6	0	-2.91554	3.25974	-0	0.0107527	0.0625	0.172043	0.381579
AA	7	0	-2.30971	2.08103	-0	0.0215054	0.0625	0.344086	0.460317
ANT	8	0	-2.30971	2.08103	-0	0.0215054	0.0625	0.344086	0.502242
ANNA	9	0	-2.30971	2.08103	-0	0.0215054	0.0625	0.344086	0.402985
CNNT	10	0	-2.0068	1.64864	-0	0.0268817	0.0625	0.430108	0.444079
CG	11	0	-2.91554	3.25974	-0	0.0107527	0.0625	0.172043	0.243697
A	12	0	-2.45534	2.14508	-0	0.172043	0.25	0.688172	0.79602
TA	13	0	-2.61262	2.60854	-0	0.016129	0.0625	0.258065	0.576159
GNT	14	0	-2.61262	2.60854	-0	0.016129	0.0625	0.258065	0.347107
G	15	0	-2.286	1.93067	-0	0.177419	0.25	0.709677	0.667566
ANNG	16	0	-1.70389	1.293	-0	0.0322581	0.0625	0.516129	0.55102
GA	17	0	-2.30971	2.08103	-0	0.0215054	0.0625	0.344086	0.3625
AA	18	0	-3.21845	4.08624	-0	0.00537634	0.0625	0.0860215	0.113725
ANG	19	0	-3.21845	4.08624	-0	0.00537634	0.0625	0.0860215	0.0915033
GNT	20	0	-2.91554	3.25974	-0	0.0107527	0.0625	0.172043	0.230453
GG	21	0	-3.21845	4.08624	-0	0.00537634	0.0625	0.0860215	0.0640177
TNNC	22	0	-3.21845	4.08624	-0	0.00537634	0.0625	0.0860215	0.0808383
TA	23	0	-2.91554	3.25974	-0	0.0107527	0.0625	0.172043	0.381579
GT	24	0	-2.30971	2.08103	-0	0.0215054	0.0625	0.344086	0.515556
ANT	25	0	-2.0068	1.64864	-0	0.0268817	0.0625	0.430108	0.630631
CG	26	0	-2.0068	1.64864	-0	0.0268817	0.0625	0.430108	0.617021
TA	27	0	-2.91554	3.25974	-0	0.0107527	0.0625	0.172043	0.381579
TNNG	28	0	-2.0068	1.64864	-0	0.0268817	0.0625	0.430108	0.480427
GT	29	0	-1.70389	1.293	-0	0.0322581	0.0625	0.516129	0.780269
GT	30	0	-2.30971	2.08103	-0	0.0215054	0.0625	0.344086	0.515556
T	31	0	-2.11667	1.7308	-0	0.182796	0.25	0.731183	0.800628
