#kmer	position	shift	statistics	p-value	corrected.p
A	1	0	30.654	205.932	201.964
A	2	0	11.5432	30.3985	26.4305
A	3	0	3.43172	3.52304	-0
CTCA	4	0	2.35592	2.03441	-0
TCA	5	0	2.96759	2.82371	-0
GCGG	6	0	2.82719	2.62932	-0
GAGG	7	0	2.75696	2.53505	-0
CCC	8	0	3.06151	2.95816	-0
CCAA	9	0	2.67205	2.42372	-0
ATGC	10	0	3.26843	3.26702	-0
TTC	11	0	2.75944	2.53834	-0
GAAC	12	0	2.80074	2.59358	-0
GGTC	13	0	3.52415	3.6728	-0
ATC	14	0	2.68569	2.44141	-0
CTG	15	0	2.93474	2.77751	-0
C	16	0	3.12761	3.05495	-0
GCAC	17	0	2.84254	2.65018	-0
ACGG	18	0	2.64602	2.39017	-0
TTTC	19	0	2.81535	2.61329	-0
GGCT	20	0	2.76929	2.55146	-0
CAT	21	0	3.39565	3.46556	-0
CT	22	0	3.40252	3.47647	-0
TCA	23	0	2.77888	2.56426	-0
CA	24	0	2.74384	2.51767	-0
AGGC	25	0	3.39291	3.46121	-0
GGCC	26	0	2.34822	2.02541	-0
GCC	27	0	2.34822	2.02541	-0
CC	28	0	2.34822	2.02541	-0
AT	29	0	1.67731	1.3303	-0
C	30	0	0.315259	0.424486	-0
T	1	0	-32.4156	230.082	226.114
T	2	0	-8.01194	15.2483	11.2804
T	3	0	-3.43695	3.53143	-0
TCC	4	0	-3.17352	3.1232	-0
GGCC	5	0	-3.08371	2.99047	-0
TCAG	6	0	-2.87742	2.69794	-0
CAAA	7	0	-2.78993	2.57906	-0
GGGC	8	0	-2.88668	2.71071	-0
GAGG	9	0	-3.5855	3.77413	-0
AGGG	10	0	-2.5171	2.22795	-0
GCTT	11	0	-3.24663	3.23365	-0
TAGT	12	0	-2.43024	2.12238	-0
TTCA	13	0	-2.83742	2.64321	-0
GATG	14	0	-2.47564	2.17718	-0
CA	15	0	-2.87481	2.69436	-0
AAGG	16	0	-3.28531	3.29298	-0
AGGA	17	0	-3.1415	3.0755	-0
GGA	18	0	-2.89596	2.72353	-0
CGA	19	0	-2.95453	2.80528	-0
GC	20	0	-3.40084	3.47379	-0
CGTG	21	0	-3.1801	3.13306	-0
CACG	22	0	-2.2165	1.87521	-0
CG	23	0	-2.21324	1.87159	-0
GG	24	0	-1.10902	0.873832	-0
GGGG	25	0	-1.51015	1.18374	-0
GGAA	26	0	-2.63309	2.37359	-0
GAAC	27	0	-3.73086	4.02039	0.0524631
AAC	28	0	-3.73086	4.02039	0.0524631
AC	29	0	-1.86598	1.50832	-0
A	30	0	-0.157883	0.359246	-0
