#kmer	position	shift	statistics	p-value	corrected.p	n1	mean1	std1	n2	mean2	std2
TGCA	1	0	4.23539	2.87267	-0	9	0.73539	0.168307	1832	0.496116	0.284157
TTGC	2	0	23.631	3.06952	-0	2	0.784717	0.0144464	1839	0.496974	0.284192
CTGC	3	0	3.60068	2.8572	-0	15	0.697574	0.215673	1826	0.495641	0.284107
ATAG	4	0	59.7494	12.3577	8.38976	2	0.982497	0.00667274	1839	0.496758	0.2839
GTA	5	0	4.08067	3.52209	-0	20	0.706278	0.229637	1821	0.494991	0.283885
TA	6	0	4.27274	4.35206	0.384139	47	0.658477	0.26141	1794	0.493063	0.28354
A	7	0	4.63537	5.6693	1.70138	406	0.55357	0.274919	1435	0.481362	0.284755
CTGC	8	0	5.46038	4.21855	0.250632	13	0.723281	0.148364	1828	0.495679	0.284288
CGTT	9	0	54.5513	86.0364	82.0685	2	0.875453	0.00292546	1839	0.496875	0.284077
TACC	10	0	7.96519	4.11902	0.151102	7	0.798575	0.0989146	1834	0.496136	0.284061
TGAT	11	0	33.5414	5.69212	1.72419	3	0.903378	0.017595	1838	0.496623	0.283953
TA	12	0	3.55739	3.41294	-0	53	0.622194	0.258613	1788	0.493584	0.284083
ATAC	13	0	11.7173	6.69217	2.72425	2	0.591235	0.00639778	1839	0.497184	0.284334
GA	14	0	4.26288	4.70646	0.738536	111	0.605326	0.274935	1730	0.490354	0.283378
A	15	0	5.04853	6.5283	2.56038	378	0.561914	0.278107	1463	0.480588	0.283363
CTAG	16	0	34.8656	6.03035	2.06243	2	0.81769	0.00902528	1839	0.496938	0.284154
GAGA	17	0	5.47115	3.91852	-0	11	0.7731	0.166757	1830	0.495628	0.283947
TAAG	18	0	26.63	10.6025	6.63462	2	0.709142	0.00624302	1839	0.497056	0.284265
TATG	19	0	36.7464	15.0618	11.0939	2	0.780987	0.00562429	1839	0.496978	0.284197
C	20	0	5.971	8.77475	4.80683	517	0.560542	0.285701	1324	0.472586	0.27975
GTAT	21	0	43.5665	282.684	278.716	2	0.786348	0.000633985	1839	0.496972	0.284191
AC	22	0	5.04289	6.19085	2.22293	127	0.604911	0.246393	1714	0.489312	0.285188
AG	23	0	7.48961	11.3799	7.412	112	0.657614	0.230119	1729	0.4869	0.284247
G	24	0	10.3893	23.731	19.7631	537	0.598422	0.261812	1304	0.455637	0.282584
GGGT	25	0	3.76422	3.87272	-0	99	0.593711	0.260686	1742	0.491806	0.284495
GGT	26	0	3.58589	3.74559	-0	417	0.540122	0.274888	1424	0.484742	0.285652
GT	27	0	3.58589	3.74559	-0	417	0.540122	0.274888	1424	0.484742	0.285652
T	28	0	3.58589	3.74559	-0	417	0.540122	0.274888	1424	0.484742	0.285652
CG	29	0	2.13001	1.74424	-0	80	0.566456	0.29759	1761	0.494144	0.283172
G	30	0	1.33947	1.04404	-0	540	0.5109	0.278746	1301	0.491635	0.286238
TAA	1	0	-9.50465	4.46366	0.495736	6	0.294347	0.0498874	1835	0.49795	0.284409
GTGT	2	0	-12.4337	3.68226	-0	4	0.224842	0.0418686	1837	0.497879	0.284214
AAAT	3	0	-17.5864	9.33296	5.36504	2	0.358839	0.00602551	1839	0.497437	0.284314
TTTG	4	0	-41.5623	6.94888	2.98096	2	0.125029	0.00854525	1839	0.497691	0.284085
CAGG	5	0	-3.91043	3.13073	-0	15	0.296631	0.198704	1826	0.498934	0.284206
GC	6	0	-3.39966	3.38444	-0	157	0.423828	0.283059	1684	0.504135	0.283333
C	7	0	-4.89097	6.23864	2.27072	557	0.449023	0.276114	1284	0.518223	0.285102
CCTA	8	0	-20.1114	2.82644	-0	2	0.244829	0.015099	1839	0.497561	0.284229
GGGG	9	0	-3.33816	2.72858	-0	18	0.336678	0.204194	1823	0.498872	0.284423
CAGG	10	0	-4.19398	3.96455	-0	30	0.326733	0.223453	1811	0.500111	0.284233
TCGC	11	0	-28.9706	3.67916	-0	2	0.174831	0.0126689	1839	0.497637	0.284152
GG	12	0	-5.52641	7.35188	3.38396	179	0.39559	0.25619	1662	0.508239	0.284893
GG	13	0	-5.27085	6.80733	2.8394	188	0.393728	0.284585	1653	0.509064	0.281752
TCGA	14	0	-47.6365	12.4798	8.5119	2	0.115204	0.00641751	1839	0.497702	0.284071
CCG	15	0	-3.97687	3.6389	-0	27	0.337998	0.208352	1814	0.499657	0.2845
TTAG	16	0	-44.5323	4.97108	1.00316	2	0.0469314	0.0108303	1839	0.497776	0.283962
CCC	17	0	-3.79624	3.59269	-0	37	0.353109	0.23221	1804	0.500243	0.2844
AACG	18	0	-71.6629	inf	inf	2	0.0225275	0.000549451	1839	0.497802	0.283919
GG	19	0	-5.79713	8.01026	4.04234	203	0.39247	0.271857	1638	0.510276	0.282998
G	20	0	-6.29671	9.68458	5.71666	638	0.440885	0.278372	1203	0.527198	0.282708
GGCC	21	0	-11.466	12.4285	8.46053	30	0.151679	0.163851	1811	0.503011	0.282222
TTC	22	0	-19.0108	25.1495	21.1816	41	0.165579	0.106018	1800	0.504842	0.282468
TC	23	0	-11.1496	21.2872	17.3193	128	0.282701	0.220964	1713	0.51332	0.281881
C	24	0	-11.0421	26.7077	22.7398	599	0.397943	0.260789	1242	0.545198	0.282603
TGGG	25	0	-8.30138	14.0258	10.0579	158	0.325928	0.270538	1683	0.513373	0.280113
GGG	26	0	-8.50201	16.422	12.4541	506	0.407519	0.27899	1335	0.53131	0.278688
GG	27	0	-8.50201	16.422	12.4541	506	0.407519	0.27899	1335	0.53131	0.278688
G	28	0	-8.50201	16.422	12.4541	506	0.407519	0.27899	1335	0.53131	0.278688
AA	29	0	-2.26379	1.88813	-0	87	0.428998	0.28849	1754	0.500673	0.283554
T	30	0	-1.4457	1.12837	-0	370	0.477948	0.28911	1471	0.50215	0.282739
