#kmer	position	shift	statistics	p-value	corrected.p	frac.obs	frac.exp	obs/exp	local.r
GCC	1	0	5.5777	6.44231	1.42481	0.0256024	0.0119967	2.13412	2.13534
C	2	0	5.16044	6.62479	1.60729	0.210843	0.167652	1.25763	1.25779
CC	3	0	4.15541	4.443	-0	0.059739	0.0412282	1.44898	1.44931
C	4	0	4.32073	4.9565	-0	0.203815	0.167652	1.21571	1.21584
C	5	0	4.14079	4.6315	-0	0.202309	0.167652	1.20672	1.20685
AGA	6	0	4.65317	5.08459	0.0670844	0.0341365	0.019662	1.73617	1.73681
GA	7	0	3.53776	3.56401	-0	0.101908	0.0803594	1.26815	1.26832
TTTAG	8	0	6.08866	5.36175	0.344247	0.00451807	0.000759617	5.94783	5.96264
TTAGG	9	0	4.31591	3.62627	-0	0.00351406	0.000792644	4.43333	4.44099
GAGGA	10	0	6.33785	7.4727	2.4552	0.0200803	0.00768204	2.61393	2.61605
AGGA	11	0	6.33681	7.77164	2.75414	0.0266064	0.011481	2.31743	2.31897
GG	12	0	5.41867	7.23217	2.21467	0.240462	0.192587	1.24859	1.24875
GAGGA	13	0	7.87758	10.3186	5.30112	0.0230924	0.00768204	3.00602	3.00905
AGGAG	14	0	8.03377	10.3098	5.2923	0.0200803	0.00608354	3.30076	3.30458
G	15	0	8.73125	16	10.9825	0.486948	0.391466	1.24391	1.24406
G	16	0	9.60346	16	10.9825	0.496486	0.391466	1.26827	1.26844
AGG	17	0	7.97982	12.598	7.58049	0.0778112	0.0419627	1.85429	1.85509
G	18	0	9.41983	16	10.9825	0.494478	0.391466	1.26314	1.26331
G	19	0	11.2561	16	10.9825	0.514558	0.391466	1.31444	1.31465
AGG	20	0	10.997	16	10.9825	0.0913655	0.0419627	2.1773	2.17859
G	21	0	12.7709	16	10.9825	0.531124	0.391466	1.35676	1.357
G	22	0	17.132	16	10.9825	0.578815	0.391466	1.47858	1.47894
G	23	0	12.0365	16	10.9825	0.523092	0.391466	1.33624	1.33647
G	24	0	16.9484	16	10.9825	0.576807	0.391466	1.47345	1.47381
G	25	0	18.0501	16	10.9825	0.588855	0.391466	1.50423	1.50461
AGG	26	0	13.4554	16	10.9825	0.10241	0.0419627	2.44049	2.44226
G	27	0	20.9421	16	10.9825	0.620482	0.391466	1.58502	1.58549
G	28	0	21.6307	16	10.9825	0.628012	0.391466	1.60426	1.60474
G	29	0	16.6729	16	10.9825	0.573795	0.391466	1.46576	1.4661
G	30	0	21.3094	16	10.9825	0.624498	0.391466	1.59528	1.59576
G	31	0	19.6109	16	10.9825	0.605924	0.391466	1.54783	1.54826
AGG	32	0	14.7963	16	10.9825	0.108434	0.0419627	2.58405	2.58611
AGGG	33	0	14.5982	16	10.9825	0.0662651	0.0202238	3.2766	3.28035
G	34	0	26.9558	16	10.9825	0.686245	0.391466	1.75301	1.75368
AGGAG	35	0	15.5254	16	10.9825	0.0331325	0.00608354	5.44625	5.45844
AAGG	36	0	15.7436	16	10.9825	0.0376506	0.00740625	5.08363	5.09408
AG	37	0	22.1643	16	10.9825	0.22741	0.0872604	2.6061	2.60821
AGG	38	0	21.9481	16	10.9825	0.140562	0.0419627	3.34969	3.35365
G	39	0	54.6369	16	10.9825	0.988956	0.391466	2.52629	2.52823
G	40	0	54.1778	16	10.9825	0.983936	0.391466	2.51346	2.51538
A	41	0	9.33421	16	10.9825	0.306225	0.219641	1.39421	1.39448
AGA	42	0	7.39665	10.3913	5.37379	0.0426707	0.019662	2.17021	2.17149
CT	43	0	4.79283	5.59244	0.574942	0.0763052	0.0523804	1.45675	1.45709
A	44	0	6.35765	9.56958	4.55208	0.278614	0.219641	1.2685	1.26867
C	45	0	8.45928	15.4775	10.46	0.238454	0.167652	1.42232	1.42262
GC	46	0	4.74835	5.52164	0.504144	0.0788153	0.0546363	1.44254	1.44287
C	47	0	7.01978	11.1929	6.17539	0.226406	0.167652	1.35045	1.35069
C	48	0	7.37966	12.2134	7.19586	0.229418	0.167652	1.36842	1.36867
TT	49	0	5.94767	7.98361	2.96611	0.0948795	0.0625985	1.51568	1.51608
T	50	0	6.92477	11.1148	6.09733	0.285643	0.221241	1.29109	1.29128
C	51	0	5.64027	7.68933	2.67183	0.214859	0.167652	1.28158	1.28176
C	52	0	6.47997	9.74433	4.72683	0.221888	0.167652	1.3235	1.32372
C	53	0	6.53995	9.90038	4.88288	0.22239	0.167652	1.3265	1.32671
C	54	0	6.53995	9.90038	4.88288	0.22239	0.167652	1.3265	1.32671
TC	55	0	6.91525	9.86376	4.84625	0.0667671	0.0373774	1.7863	1.787
C	56	0	6.9598	11.0271	6.00956	0.225904	0.167652	1.34746	1.34769
T	57	0	6.6009	10.2204	5.20285	0.282631	0.221241	1.27748	1.27765
T	58	0	5.95315	8.5449	3.5274	0.276606	0.221241	1.25025	1.25041
A	59	0	5.9247	8.47169	3.45419	0.274598	0.219641	1.25021	1.25037
AA	60	0	6.73391	9.74621	4.72871	0.0928715	0.0576928	1.60976	1.61025
A	61	0	6.57413	10.1439	5.12641	0.280622	0.219641	1.27764	1.27782
T	62	0	6.70885	10.5143	5.49682	0.283635	0.221241	1.28201	1.2822
T	63	0	5.95315	8.5449	3.5274	0.276606	0.221241	1.25025	1.25041
TT	64	0	6.87261	10.1386	5.12109	0.0998996	0.0625985	1.59588	1.59636
C	65	0	6.59993	10.0577	5.04016	0.222892	0.167652	1.32949	1.32971
C	66	0	6.83985	10.699	5.68154	0.2249	0.167652	1.34147	1.3417
C	67	0	7.01978	11.1929	6.17539	0.226406	0.167652	1.35045	1.35069
T	68	0	7.46455	12.6891	7.67156	0.290663	0.221241	1.31378	1.31399
T	69	0	7.95036	14.1912	9.17366	0.295181	0.221241	1.3342	1.33443
TT	70	0	7.05759	10.5981	5.58059	0.100904	0.0625985	1.61192	1.61241
T	71	0	7.95036	14.1912	9.17366	0.295181	0.221241	1.3342	1.33443
T	72	0	7.0867	11.5762	6.55867	0.287149	0.221241	1.2979	1.29809
TT	73	0	8.99996	15.9546	10.9371	0.111446	0.0625985	1.78033	1.78102
T	74	0	8.86799	16	10.9825	0.303715	0.221241	1.37278	1.37303
AAAAA	75	0	12.3931	16	10.9825	0.0175703	0.0028271	6.21495	6.23127
AAAAA	76	0	13.6591	16	10.9825	0.0190763	0.0028271	6.74766	6.7672
AAAA	77	0	10.3481	15.1764	10.1589	0.0251004	0.00648699	3.86935	3.87493
C	78	0	8.3993	15.3525	10.335	0.237952	0.167652	1.41932	1.41962
AA	79	0	6.06125	8.19498	3.17748	0.0893574	0.0576928	1.54885	1.54928
T	80	0	7.19466	11.889	6.87147	0.288153	0.221241	1.30244	1.30263
GG	1	0	-7.76336	15.6536	10.6361	0.123996	0.192587	0.643845	0.643729
GG	2	0	-6.68379	11.7443	6.7268	0.133534	0.192587	0.693371	0.693264
GGG	3	0	-4.34461	5.50458	0.487077	0.065763	0.0941973	0.698142	0.698036
GG	4	0	-4.63831	5.97434	0.956842	0.151606	0.192587	0.787211	0.787127
GG	5	0	-5.66105	8.57683	3.55933	0.14257	0.192587	0.740291	0.740195
GAGG	6	0	-3.09095	3.24942	-0	0.0130522	0.0235553	0.55411	0.553986
GGAGG	7	0	-3.29395	3.75865	-0	0.0065261	0.015701	0.41565	0.415528
GAGGA	8	0	-2.64387	2.65757	-0	0.00251004	0.00768204	0.326741	0.326631
TTT	9	0	-2.53866	2.33887	-0	0.0160643	0.0249331	0.644295	0.64418
TCCA	10	0	-2.4075	2.51353	-0	0	0.00290122	0	0
CC	11	0	-2.94431	2.92168	-0	0.0281125	0.0412282	0.681874	0.681765
C	12	0	-3.29659	3.37226	-0	0.14006	0.167652	0.835423	0.835354
AC	13	0	-3.17757	3.3444	-0	0.0210843	0.033984	0.620419	0.620301
C	14	0	-3.59649	3.88521	-0	0.13755	0.167652	0.820451	0.820377
CC	15	0	-4.63472	6.602	1.5845	0.0205823	0.0412282	0.499229	0.499104
C	16	0	-5.09596	7.12464	2.10714	0.125	0.167652	0.745593	0.745497
TC	17	0	-4.6605	6.74523	1.72772	0.0175703	0.0373774	0.470078	0.469953
A	18	0	-5.00738	6.80471	1.78721	0.173193	0.219641	0.788526	0.788443
A	19	0	-5.27797	7.48299	2.46549	0.170683	0.219641	0.777098	0.777011
CC	20	0	-4.29663	5.70153	0.684026	0.0220884	0.0412282	0.535758	0.535633
AA	21	0	-5.95056	10.5215	5.50396	0.0266064	0.0576928	0.461174	0.461049
C	22	0	-7.73503	15.9546	10.9371	0.102912	0.167652	0.613841	0.613722
C	23	0	-7.55509	15.1095	10.092	0.104418	0.167652	0.622824	0.622706
C	24	0	-7.91497	16	10.9825	0.101406	0.167652	0.604858	0.604738
C	25	0	-8.69469	16	10.9825	0.0948795	0.167652	0.565932	0.565808
C	26	0	-8.3948	16	10.9825	0.0973896	0.167652	0.580904	0.580781
C	27	0	-9.95425	16	10.9825	0.0843373	0.167652	0.50305	0.502925
C	28	0	-10.3741	16	10.9825	0.0808233	0.167652	0.48209	0.481965
TT	29	0	-7.74134	16	10.9825	0.0205823	0.0625985	0.328799	0.328688
A	30	0	-8.52513	16	10.9825	0.140562	0.219641	0.639963	0.639848
C	31	0	-8.27484	16	10.9825	0.0983936	0.167652	0.586892	0.58677
C	32	0	-8.63472	16	10.9825	0.0953815	0.167652	0.568926	0.568803
C	33	0	-11.2738	16	10.9825	0.0732932	0.167652	0.437175	0.437051
A	34	0	-9.12044	16	10.9825	0.13504	0.219641	0.614822	0.614703
C	35	0	-9.83429	16	10.9825	0.0853414	0.167652	0.509039	0.508914
GGGA	36	0	-6.40583	16	10.9825	0.000502008	0.0211561	0.0237288	0.0237172
AA	37	0	-8.35292	16	10.9825	0.0140562	0.0576928	0.243639	0.243547
A	38	0	-8.47101	16	10.9825	0.141064	0.219641	0.642249	0.642134
A	39	0	-23.1373	16	10.9825	0.00502008	0.219641	0.0228558	0.0228446
A	40	0	-23.1373	16	10.9825	0.00502008	0.219641	0.0228558	0.0228446
GG	41	0	-10.9452	16	10.9825	0.0958835	0.192587	0.497872	0.497746
GG	42	0	-9.52475	16	10.9825	0.108434	0.192587	0.563038	0.562915
GG	43	0	-12.1384	16	10.9825	0.0853414	0.192587	0.443132	0.443008
G	44	0	-10.595	16	10.9825	0.275602	0.391466	0.704027	0.703922
GGG	45	0	-9.86731	16	10.9825	0.0296185	0.0941973	0.31443	0.314322
GG	46	0	-10.6043	16	10.9825	0.0988956	0.192587	0.513512	0.513386
G	47	0	-9.99825	16	10.9825	0.282129	0.391466	0.720698	0.720597
G	48	0	-11.3754	16	10.9825	0.267068	0.391466	0.682226	0.682117
G	49	0	-9.35557	16	10.9825	0.289157	0.391466	0.738651	0.738554
G	50	0	-13.4871	16	10.9825	0.243976	0.391466	0.623237	0.623119
G	51	0	-11.1459	16	10.9825	0.269578	0.391466	0.688638	0.68853
G	52	0	-10.2278	16	10.9825	0.279618	0.391466	0.714286	0.714183
G	53	0	-14.6806	16	10.9825	0.230924	0.391466	0.589895	0.589773
G	54	0	-11.1918	16	10.9825	0.269076	0.391466	0.687356	0.687248
G	55	0	-12.3853	16	10.9825	0.256024	0.391466	0.654014	0.6539
G	56	0	-12.9821	16	10.9825	0.249498	0.391466	0.637343	0.637227
G	57	0	-12.4312	16	10.9825	0.255522	0.391466	0.652732	0.652618
G	58	0	-12.6608	16	10.9825	0.253012	0.391466	0.64632	0.646205
G	59	0	-13.3953	16	10.9825	0.24498	0.391466	0.625801	0.625684
G	60	0	-12.9362	16	10.9825	0.25	0.391466	0.638625	0.638509
G	61	0	-13.6707	16	10.9825	0.241968	0.391466	0.618107	0.617989
G	62	0	-14.5429	16	10.9825	0.23243	0.391466	0.593742	0.593621
G	63	0	-11.8804	16	10.9825	0.261546	0.391466	0.66812	0.668009
G	64	0	-12.9362	16	10.9825	0.25	0.391466	0.638625	0.638509
G	65	0	-14.9561	16	10.9825	0.227912	0.391466	0.582201	0.582078
G	66	0	-13.7625	16	10.9825	0.240964	0.391466	0.615542	0.615424
G	67	0	-13.4871	16	10.9825	0.243976	0.391466	0.623237	0.623119
G	68	0	-15.3692	16	10.9825	0.223394	0.391466	0.570659	0.570536
G	69	0	-13.4412	16	10.9825	0.244478	0.391466	0.624519	0.624401
G	70	0	-12.4312	16	10.9825	0.255522	0.391466	0.652732	0.652618
G	71	0	-14.5429	16	10.9825	0.23243	0.391466	0.593742	0.593621
G	72	0	-12.5231	16	10.9825	0.254518	0.391466	0.650167	0.650052
G	73	0	-13.533	16	10.9825	0.243474	0.391466	0.621954	0.621836
G	74	0	-14.8183	16	10.9825	0.229418	0.391466	0.586048	0.585926
G	75	0	-12.7985	16	10.9825	0.251506	0.391466	0.642472	0.642357
G	76	0	-13.8543	16	10.9825	0.23996	0.391466	0.612978	0.612859
G	77	0	-16.425	16	10.9825	0.211847	0.391466	0.541164	0.54104
G	78	0	-13.8084	16	10.9825	0.240462	0.391466	0.61426	0.614141
G	79	0	-13.4871	16	10.9825	0.243976	0.391466	0.623237	0.623119
G	80	0	-14.8642	16	10.9825	0.228916	0.391466	0.584765	0.584643
