#kmer	position	shift	statistics	p-value	corrected.p	frac.obs	frac.exp	obs/exp	local.r
CNNA	1	0	4.90337	5.00959	0.552856	0.11828	0.0443011	2.6699	2.23188
TNA	2	0	5.63404	6.24355	1.78682	0.150538	0.0557527	2.7001	2.78534
AA	3	0	4.72343	4.86036	0.403628	0.134409	0.0552688	2.43191	2.52174
ANCC	4	0	6.7264	6.69148	2.23475	0.0752688	0.0151075	4.98221	4.9
ANCA	5	0	4.75667	4.39835	-0	0.0645161	0.0180645	3.57143	3.16981
CCAG	6	0	4.81188	3.96062	-0	0.0322581	0.00569892	5.66038	5.16923
CA	7	0	3.49161	3.29648	-0	0.145161	0.0769355	1.88679	1.83803
A	8	0	3.14299	3.02213	-0	0.317204	0.221505	1.43204	1.38796
GTCA	9	0	3.98102	3.22812	-0	0.0268817	0.00543011	4.9505	7.56757
TCAT	10	0	3.92263	3.18412	-0	0.0268817	0.00553763	4.85437	4.51613
TAT	11	0	4.21317	3.62912	-0	0.0430108	0.010914	3.94089	4.10811
AT	12	0	4.01612	3.89555	-0	0.123656	0.0559677	2.20941	2.4036
GGAA	13	0	3.99218	3.14984	-0	0.0215054	0.00370968	5.7971	5.33333
CACG	14	0	4.71531	3.62994	-0	0.0215054	0.00290323	7.40741	8.61538
CTNG	15	0	3.42621	2.97506	-0	0.0537634	0.0192473	2.7933	2.94737
TAGA	16	0	4.40426	3.29085	-0	0.016129	0.00193548	8.33333	6.46154
GGCC	17	0	3.86573	3.14111	-0	0.0268817	0.00564516	4.7619	4.91228
G	18	0	3.3928	3.38958	-0	0.349462	0.242796	1.43933	1.38298
CAGT	19	0	4.26425	3.43934	-0	0.0268817	0.00494624	5.43478	4.44444
AGT	20	0	5.24626	4.83213	0.375403	0.0591398	0.0139785	4.23077	4.51079
GT	21	0	4.03619	3.92067	-0	0.123656	0.0557527	2.21794	2.35273
ANGG	22	0	5.3449	4.93137	0.474641	0.0591398	0.0136559	4.33071	3.62353
GCCA	23	0	3.13726	2.5455	-0	0.0215054	0.00510753	4.21053	3.44615
GGNT	24	0	4.95248	4.5356	0.0788675	0.0591398	0.015	3.94265	3.89873
ACCG	25	0	5.2577	3.76029	-0	0.016129	0.00145161	11.1111	7.63636
GCNG	26	0	3.81148	3.34776	-0	0.0537634	0.0173118	3.10559	2.96296
AATA	27	0	4.11539	3.12127	-0	0.016129	0.00215054	7.5	7.63636
ATA	28	0	4.4862	3.87393	-0	0.0430108	0.0101075	4.25532	4.70103
GT	29	0	3.49756	3.25132	-0	0.11828	0.0582258	2.03139	2.24648
ANNG	30	0	6.27626	7.24939	2.79266	0.155914	0.0529032	2.94715	2.56556
CANA	31	0	4.14842	3.72135	-0	0.0591398	0.0183333	3.22581	3.36612
TNAG	32	0	5.19562	4.85838	0.401655	0.0645161	0.0162903	3.9604	4.73239
GAG	33	0	8.28149	8.69791	4.24118	0.0860215	0.0141935	6.06061	4.87701
AG	34	0	6.68927	8.15626	3.69953	0.182796	0.0633333	2.88625	2.78925
G	35	0	6.72664	10.0174	5.56065	0.456989	0.244892	1.86608	1.82165
TGTC	36	0	5.27054	4.3113	-0	0.0322581	0.005	6.45161	9.08108
AGAG	37	0	6.29009	5.05205	0.595316	0.0322581	0.0038172	8.4507	8.61538
GAGA	38	0	5.0209	3.8235	-0	0.0215054	0.00263441	8.16327	5.89474
ANCC	39	0	3.0969	2.62403	-0	0.0430108	0.0152151	2.82686	2.6988
GTGC	40	0	4.58742	3.67557	-0	0.0268817	0.00446237	6.0241	5.28302
CNTA	41	0	3.68524	3.10996	-0	0.0376344	0.0103226	3.64583	4.83951
CCTT	42	0	3.92263	3.18412	-0	0.0268817	0.00553763	4.85437	6.36364
C	43	0	2.90939	2.74461	-0	0.370968	0.275645	1.34582	1.38187
ATCG	44	0	4.93348	3.58737	-0	0.016129	0.0016129	10	9.88235
GNCT	45	0	3.65293	3.22367	-0	0.0591398	0.0208602	2.83505	2.82569
CATC	46	0	5.38893	4.40011	-0	0.0322581	0.00483871	6.66667	5.25
CNNC	47	0	8.89949	13.0096	8.55288	0.252688	0.0778495	3.24586	3.07118
CNNC	48	0	8.38235	11.9879	7.5312	0.252688	0.0830645	3.04207	3.07118
TCG	49	0	5.32648	4.72401	0.267278	0.0483871	0.00983871	4.91803	5.89655
CG	50	0	5.87308	6.24506	1.78833	0.112903	0.0344086	3.28125	3.37396
CNG	51	0	4.04774	4.00186	-0	0.145161	0.0696237	2.08494	1.89299
GGG	52	0	3.80007	3.33666	-0	0.0537634	0.0173656	3.09598	2.59091
GG	53	0	4.64178	4.82197	0.365239	0.150538	0.0660215	2.28013	2.06879
GAGG	54	0	5.30941	4.34054	-0	0.0322581	0.00494624	6.52174	4.94118
CCNG	55	0	4.58995	4.1684	-0	0.0591398	0.0163978	3.60656	2.70175
CCAT	56	0	3.87302	3.06784	-0	0.0215054	0.00387097	5.55556	4.48
GACG	57	0	6.51099	4.68933	0.232596	0.0215054	0.00172043	12.5	13.1765
ACG	58	0	3.56985	2.9663	-0	0.0322581	0.0083871	3.84615	4.88571
CG	59	0	2.36654	1.99965	-0	0.0698925	0.0370968	1.88406	2.04336
C	60	0	0.564492	0.587282	-0	0.349462	0.33	1.05898	1.3
ANC	1	0	-2.95656	3.26725	-0	0.016129	0.0722581	0.223214	0.256757
GC	2	0	-2.81045	2.97671	-0	0.016129	0.0680108	0.237154	0.228047
CC	3	0	-2.45406	2.28688	-0	0.0268817	0.0739785	0.363372	0.351515
C	4	0	-2.44303	2.12074	-0	0.193548	0.273387	0.707965	0.712991
C	5	0	-2.67145	2.43016	-0	0.182796	0.269731	0.677696	0.672929
CT	6	0	-2.33789	2.08539	-0	0.0376344	0.0855914	0.439699	0.476526
TNNC	7	0	-2.50726	2.39435	-0	0.0215054	0.0676882	0.317712	0.345146
CNG	8	0	-2.898	3.14889	-0	0.016129	0.0705376	0.228659	0.204301
TC	9	0	-2.78299	2.87805	-0	0.0215054	0.0753763	0.285307	0.307285
G	10	0	-2.31962	1.97345	-0	0.172043	0.245215	0.701601	0.672844
CTT	11	0	-1.96693	1.66298	-0	0	0.0203763	0	0
TC	12	0	-2.49545	2.35278	-0	0.0268817	0.0751075	0.35791	0.384615
CTNC	13	0	-2.13274	1.95166	-0	0	0.023871	0	0
AAA	14	0	-1.76092	1.33558	-0	0	0.0163978	0	0
CNNC	15	0	-2.35258	2.11731	-0	0.0322581	0.0787097	0.409836	0.374165
TGC	16	0	-2.05773	1.81829	-0	0	0.0222581	0	0
GCC	17	0	-1.85821	1.48584	-0	0	0.0182258	0	0
TCNC	18	0	-2.083	1.86272	-0	0	0.0227957	0	0
ANC	19	0	-2.44553	2.32014	-0	0.016129	0.0580645	0.277778	0.256757
GNC	20	0	-2.54697	2.46066	-0	0.0215054	0.0687634	0.312744	0.300395
C	21	0	-3.18383	3.21674	-0	0.172043	0.276452	0.622326	0.63292
CG	22	0	-2.53888	2.75201	-0	0	0.0334946	0	0
CNCA	23	0	-2.03987	1.7872	-0	0	0.0218817	0	0
TGG	24	0	-1.97487	1.67628	-0	0	0.0205376	0	0
CG	25	0	-2.23356	2.04743	-0	0.00537634	0.0358065	0.15015	0.152231
GNG	26	0	-2.31916	2.09539	-0	0.0215054	0.0627419	0.342759	0.322489
CNTG	27	0	-2.04498	1.79608	-0	0	0.0219892	0	0
C	28	0	-3.0909	3.0658	-0	0.172043	0.273011	0.630169	0.63292
A	29	0	-2.27822	1.92782	-0	0.155914	0.225753	0.690641	0.674153
CG	30	0	-2.26601	2.10231	-0	0.00537634	0.0365591	0.147059	0.152231
GNNG	31	0	-2.61163	2.60677	-0	0.016129	0.0624731	0.258176	0.237288
ANNT	32	0	-2.45794	2.34086	-0	0.016129	0.0583871	0.276243	0.291161
CG	33	0	-2.66884	3.03559	-0	0	0.0368817	0	0
G	34	0	-2.73865	2.53885	-0	0.16129	0.248011	0.650336	0.630342
T	35	0	-3.36732	3.55882	-0	0.150538	0.258656	0.582	0.609145
TT	36	0	-2.44288	2.28921	-0	0.0215054	0.0659677	0.325998	0.356923
TNC	37	0	-2.33344	2.1015	-0	0.0268817	0.0707527	0.379939	0.392562
CNNA	38	0	-2.14082	1.83487	-0	0.0215054	0.0582796	0.369004	0.392982
CNCT	39	0	-2.16208	2.00506	-0	0	0.0245161	0	0
ANNA	40	0	-2.38067	2.21376	-0	0.016129	0.0563978	0.285987	0.287179
TNT	41	0	-2.55683	2.47731	-0	0.0215054	0.0690323	0.311526	0.312757
TNC	42	0	-1.93453	1.55571	-0	0.0322581	0.067957	0.474684	0.471724
GNT	43	0	-2.39752	2.2411	-0	0.016129	0.056828	0.283822	0.294828
TNNG	44	0	-2.01235	1.65575	-0	0.0268817	0.0626344	0.429185	0.451613
CTNG	45	0	-1.99326	1.70732	-0	0	0.020914	0	0
GG	46	0	-2.35785	2.13822	-0	0.0268817	0.0713978	0.376506	0.358911
AA	47	0	-3.03641	3.6521	-0	0.00537634	0.0569892	0.0943396	0.096828
ANT	48	0	-3.05815	3.70262	-0	0.00537634	0.0576344	0.0932836	0.0971039
GNT	49	0	-2.76486	2.95233	-0	0.0107527	0.0582258	0.184672	0.196213
GG	50	0	-3.4046	4.55625	0.0995193	0.00537634	0.0683871	0.0786164	0.0714286
TNNC	51	0	-3.40959	4.56921	0.112482	0.00537634	0.0685484	0.0784314	0.0858896
CTNT	52	0	-2.0704	1.8405	-0	0	0.0225269	0	0
TNTG	53	0	-2.0141	1.74282	-0	0	0.0213441	0	0
ANT	54	0	-1.96992	1.60195	-0	0.0268817	0.0616129	0.4363	0.488851
TGC	55	0	-1.95897	1.64968	-0	0	0.0202151	0	0
CNC	56	0	-2.30661	2.05001	-0	0.0322581	0.0774731	0.416377	0.452381
TNNG	57	0	-2.30066	2.05283	-0	0.0268817	0.0698925	0.384615	0.451613
CTG	58	0	-1.77708	1.36498	-0	0.00537634	0.0261828	0.205339	0.179811
TC	59	0	-1.66379	1.25825	-0	0.0591398	0.0948925	0.623229	0.852941
T	60	0	-0.586589	0.501225	-0	0.182796	0.2	0.913979	0.741316
