#kmer	position	shift	statistics	p-value	corrected.p	frac.obs	frac.exp	obs/exp	local.r
C	1	0	1.6986	1.47107	-0	0.049505	0.0237624	2.08333	2.10615
Y	2	0	1.85624	1.5612	-0	0.118812	0.0712871	1.66667	1.67785
G	3	0	0.302477	0.537583	-0	0.0693069	0.0620462	1.11702	1.11833
A	4	0	0.161051	0.468733	-0	0.0693069	0.0653465	1.06061	1.06125
A	5	0	0.161051	0.468733	-0	0.0693069	0.0653465	1.06061	1.06125
G	6	0	0.302477	0.537583	-0	0.0693069	0.0620462	1.11702	1.11833
V	7	0	1.59265	1.33184	-0	0.207921	0.151155	1.37555	1.38073
K	9	0	1.253	1.07689	-0	0.148515	0.109571	1.35542	1.36026
N	10	0	1.9784	1.67729	-0	0.277228	0.19868	1.39535	1.40089
G	11	0	0.714946	0.756573	-0	0.0792079	0.0620462	1.2766	1.28014
C	12	0	1.04529	1.02945	-0	0.039604	0.0237624	1.66667	1.67785
H	13	0	2.08591	1.77061	-0	0.207921	0.136634	1.52174	1.52972
K	14	0	1.89013	1.58833	-0	0.168317	0.109571	1.53614	1.54442
M	15	0	1.39703	1.19012	-0	0.128713	0.0891089	1.44444	1.45089
A	1	0	-0.241576	0.307751	-0	0.0594059	0.0653465	0.909091	0.908265
A	2	0	-0.241576	0.307751	-0	0.0594059	0.0653465	0.909091	0.908265
C	3	0	-0.261322	0.364975	-0	0.019802	0.0237624	0.833333	0.831947
Y	4	0	-1.23749	0.836385	-0	0.039604	0.0712871	0.555556	0.553097
S	5	0	-1.30265	0.899104	-0	0.049505	0.0858086	0.576923	0.574493
Y	6	0	-2.01093	1.65843	-0	0.019802	0.0712871	0.277778	0.275786
T	7	0	-0.374147	0.325407	-0	0.039604	0.0475248	0.833333	0.831947
C	9	0	-0.261322	0.364975	-0	0.019802	0.0237624	0.833333	0.831947
M	11	0	-1.39703	0.980343	-0	0.049505	0.0891089	0.555556	0.553097
T	12	0	-0.841831	0.541233	-0	0.029703	0.0475248	0.625	0.622665
G	13	0	-1.75987	1.33576	-0	0.019802	0.0620462	0.319149	0.316991
A	14	0	-0.241576	0.307751	-0	0.0594059	0.0653465	0.909091	0.908265
G	15	0	-1.75987	1.33576	-0	0.019802	0.0620462	0.319149	0.316991
