#kmer	position	shift	statistics	p-value	corrected.p	frac.obs	frac.exp	obs/exp	local.r
CTGG	1	0	5.02332	3.98554	-0	0.0268817	0.00390625	6.88172	2.94737
AATG	2	0	6.19879	4.98796	0.698193	0.0322581	0.00390625	8.25806	8.61538
AA	3	0	4.05146	3.97467	-0	0.134409	0.0625	2.15054	2.52174
AACC	4	0	6.19879	4.98796	0.698193	0.0322581	0.00390625	8.25806	9.6
ATCA	5	0	3.84784	3.05041	-0	0.0215054	0.00390625	5.50538	4
CCAG	6	0	6.19879	4.98796	0.698193	0.0322581	0.00390625	8.25806	5.16923
CA	7	0	4.65729	4.82034	0.530574	0.145161	0.0625	2.32258	1.83803
CCA	8	0	3.60278	3.1138	-0	0.0483871	0.015625	3.09677	2.3972
GTCA	9	0	5.02332	3.98554	-0	0.0268817	0.00390625	6.88172	7.56757
TCA	10	0	4.78523	4.3663	0.0765313	0.0591398	0.015625	3.78495	2.79911
CACA	11	0	5.02332	3.98554	-0	0.0268817	0.00390625	6.88172	4.91228
CAGT	12	0	5.02332	3.98554	-0	0.0268817	0.00390625	6.88172	4.44444
GCAC	13	0	3.84784	3.05041	-0	0.0215054	0.00390625	5.50538	4.30769
CAC	14	0	3.60278	3.1138	-0	0.0483871	0.015625	3.09677	2.565
TGGG	15	0	5.02332	3.98554	-0	0.0268817	0.00390625	6.88172	3.88889
GGCT	16	0	5.02332	3.98554	-0	0.0268817	0.00390625	6.88172	4.82759
GGCC	17	0	5.02332	3.98554	-0	0.0268817	0.00390625	6.88172	4.91228
GGCT	18	0	5.02332	3.98554	-0	0.0268817	0.00390625	6.88172	4.82759
CAGT	19	0	5.02332	3.98554	-0	0.0268817	0.00390625	6.88172	4.44444
AGT	20	0	4.78523	4.3663	0.0765313	0.0591398	0.015625	3.78495	4.51079
GT	21	0	3.44564	3.20128	-0	0.123656	0.0625	1.97849	2.35273
AGGG	22	0	5.02332	3.98554	-0	0.0268817	0.00390625	6.88172	4.59016
CTGC	23	0	3.84784	3.05041	-0	0.0215054	0.00390625	5.50538	2.6988
GGTT	24	0	5.02332	3.98554	-0	0.0268817	0.00390625	6.88172	9.65517
CTCT	25	0	5.02332	3.98554	-0	0.0268817	0.00390625	6.88172	4.44444
TCT	26	0	4.19401	3.7209	-0	0.0537634	0.015625	3.44086	2.57919
CAG	27	0	4.19401	3.7209	-0	0.0537634	0.015625	3.44086	2.02847
TCTT	28	0	5.02332	3.98554	-0	0.0268817	0.00390625	6.88172	6.22222
CAGG	29	0	5.02332	3.98554	-0	0.0268817	0.00390625	6.88172	4
AGGG	30	0	5.02332	3.98554	-0	0.0268817	0.00390625	6.88172	4.59016
TGG	31	0	4.19401	3.7209	-0	0.0537634	0.015625	3.44086	2.39496
GCCC	32	0	6.19879	4.98796	0.698193	0.0322581	0.00390625	8.25806	5.6
GAG	33	0	7.74136	8.08831	3.79854	0.0860215	0.015625	5.50538	4.87701
AG	34	0	6.77768	8.30159	4.01183	0.182796	0.0625	2.92473	2.78925
G	35	0	6.51934	9.53421	5.24445	0.456989	0.25	1.82796	1.82165
TGTC	36	0	6.19879	4.98796	0.698193	0.0322581	0.00390625	8.25806	9.08108
AGAG	37	0	6.19879	4.98796	0.698193	0.0322581	0.00390625	8.25806	8.61538
GAG	38	0	4.19401	3.7209	-0	0.0537634	0.015625	3.44086	2.95337
GCC	39	0	3.60278	3.1138	-0	0.0483871	0.015625	3.09677	2.25991
CC	40	0	4.35437	4.3887	0.0989323	0.139785	0.0625	2.23656	1.87562
TGC	41	0	4.19401	3.7209	-0	0.0537634	0.015625	3.44086	2.60274
CCTT	42	0	5.02332	3.98554	-0	0.0268817	0.00390625	6.88172	6.36364
C	43	0	3.81	4.03192	-0	0.370968	0.25	1.48387	1.38187
CAGC	44	0	3.84784	3.05041	-0	0.0215054	0.00390625	5.50538	2.46154
GAGC	45	0	3.84784	3.05041	-0	0.0215054	0.00390625	5.50538	4.57143
CATC	46	0	6.19879	4.98796	0.698193	0.0322581	0.00390625	8.25806	5.25
CAGC	47	0	8.54974	7.16352	2.87375	0.0430108	0.00390625	11.0108	5.14943
C	48	0	4.99534	6.14796	1.85819	0.408602	0.25	1.63441	1.52569
TC	49	0	4.9602	5.26917	0.979401	0.150538	0.0625	2.4086	2.22161
C	50	0	5.50334	7.19395	2.90418	0.424731	0.25	1.69892	1.58753
C	51	0	4.318	4.8829	0.593135	0.387097	0.25	1.54839	1.44343
GGG	52	0	4.19401	3.7209	-0	0.0537634	0.015625	3.44086	2.59091
GG	53	0	4.9602	5.26917	0.979401	0.150538	0.0625	2.4086	2.06879
GAGG	54	0	6.19879	4.98796	0.698193	0.0322581	0.00390625	8.25806	4.94118
AGG	55	0	4.78523	4.3663	0.0765313	0.0591398	0.015625	3.78495	3.05854
GG	56	0	3.44564	3.20128	-0	0.123656	0.0625	1.97849	1.68861
GGCC	57	0	5.02332	3.98554	-0	0.0268817	0.00390625	6.88172	4.91228
GGC	58	0	3.01156	2.54799	-0	0.0430108	0.015625	2.75269	2.09174
CC	59	0	2.83981	2.50403	-0	0.112903	0.0625	1.80645	1.50556
C	60	0	3.13267	3.02862	-0	0.349462	0.25	1.39785	1.3
GG	1	0	-2.30971	2.08103	-0	0.0215054	0.0625	0.344086	0.286774
CG	2	0	-2.61262	2.60854	-0	0.016129	0.0625	0.258065	0.459103
CC	3	0	-2.0068	1.64864	-0	0.0268817	0.0625	0.430108	0.351515
TA	4	0	-2.0068	1.64864	-0	0.0268817	0.0625	0.430108	0.685579
C	5	0	-2.11667	1.7308	-0	0.182796	0.25	0.731183	0.672929
CG	6	0	-2.0068	1.64864	-0	0.0268817	0.0625	0.430108	0.769231
T	7	0	-1.94734	1.54498	-0	0.188172	0.25	0.752688	0.763401
CG	8	0	-2.61262	2.60854	-0	0.016129	0.0625	0.258065	0.459103
CG	9	0	-2.30971	2.08103	-0	0.0215054	0.0625	0.344086	0.613757
G	10	0	-2.45534	2.14508	-0	0.172043	0.25	0.688172	0.672844
CTT	11	0	-1.71825	1.27213	-0	0	0.015625	0	0
AA	12	0	-2.0068	1.64864	-0	0.0268817	0.0625	0.430108	0.487395
CG	13	0	-2.91554	3.25974	-0	0.0107527	0.0625	0.172043	0.305263
CG	14	0	-1.70389	1.293	-0	0.0322581	0.0625	0.516129	0.925532
CG	15	0	-1.70389	1.293	-0	0.0322581	0.0625	0.516129	0.925532
AA	16	0	-2.0068	1.64864	-0	0.0268817	0.0625	0.430108	0.487395
ACG	17	0	-1.71825	1.27213	-0	0	0.015625	0	0
TA	18	0	-2.91554	3.25974	-0	0.0107527	0.0625	0.172043	0.2723
CG	19	0	-2.0068	1.64864	-0	0.0268817	0.0625	0.430108	0.769231
CG	20	0	-2.30971	2.08103	-0	0.0215054	0.0625	0.344086	0.613757
CG	21	0	-2.61262	2.60854	-0	0.016129	0.0625	0.258065	0.459103
CG	22	0	-3.52136	5.21334	0.923575	0	0.0625	0	0
CG	23	0	-2.61262	2.60854	-0	0.016129	0.0625	0.258065	0.459103
AA	24	0	-1.70389	1.293	-0	0.0322581	0.0625	0.516129	0.585859
CG	25	0	-3.21845	4.08624	-0	0.00537634	0.0625	0.0860215	0.152231
A	26	0	-2.286	1.93067	-0	0.177419	0.25	0.709677	0.76835
A	27	0	-2.45534	2.14508	-0	0.172043	0.25	0.688172	0.744773
C	28	0	-2.45534	2.14508	-0	0.172043	0.25	0.688172	0.63292
A	29	0	-2.96334	2.88038	-0	0.155914	0.25	0.623656	0.674153
CG	30	0	-3.21845	4.08624	-0	0.00537634	0.0625	0.0860215	0.152231
TA	31	0	-2.61262	2.60854	-0	0.016129	0.0625	0.258065	0.409412
AT	32	0	-1.70389	1.293	-0	0.0322581	0.0625	0.516129	0.608392
CG	33	0	-3.52136	5.21334	0.923575	0	0.0625	0	0
G	34	0	-2.794	2.61943	-0	0.16129	0.25	0.645161	0.630342
TA	35	0	-2.91554	3.25974	-0	0.0107527	0.0625	0.172043	0.2723
AA	36	0	-2.30971	2.08103	-0	0.0215054	0.0625	0.344086	0.389262
AT	37	0	-2.0068	1.64864	-0	0.0268817	0.0625	0.430108	0.506108
TA	38	0	-2.30971	2.08103	-0	0.0215054	0.0625	0.344086	0.54717
CG	39	0	-1.70389	1.293	-0	0.0322581	0.0625	0.516129	0.925532
CG	40	0	-2.91554	3.25974	-0	0.0107527	0.0625	0.172043	0.305263
A	41	0	-2.45534	2.14508	-0	0.172043	0.25	0.688172	0.744773
TA	42	0	-2.61262	2.60854	-0	0.016129	0.0625	0.258065	0.409412
AG	43	0	-2.30971	2.08103	-0	0.0215054	0.0625	0.344086	0.31479
G	44	0	-2.286	1.93067	-0	0.177419	0.25	0.709677	0.694118
CG	45	0	-1.70389	1.293	-0	0.0322581	0.0625	0.516129	0.925532
GA	46	0	-2.30971	2.08103	-0	0.0215054	0.0625	0.344086	0.378467
AA	47	0	-3.21845	4.08624	-0	0.00537634	0.0625	0.0860215	0.096828
GG	48	0	-2.91554	3.25974	-0	0.0107527	0.0625	0.172043	0.143033
GA	49	0	-2.61262	2.60854	-0	0.016129	0.0625	0.258065	0.283388
GG	50	0	-3.21845	4.08624	-0	0.00537634	0.0625	0.0860215	0.0714286
TA	51	0	-2.91554	3.25974	-0	0.0107527	0.0625	0.172043	0.2723
TA	52	0	-2.91554	3.25974	-0	0.0107527	0.0625	0.172043	0.2723
GT	53	0	-2.30971	2.08103	-0	0.0215054	0.0625	0.344086	0.395904
TA	54	0	-2.0068	1.64864	-0	0.0268817	0.0625	0.430108	0.685579
CG	55	0	-2.0068	1.64864	-0	0.0268817	0.0625	0.430108	0.769231
TA	56	0	-2.91554	3.25974	-0	0.0107527	0.0625	0.172043	0.2723
T	57	0	-1.778	1.37276	-0	0.193548	0.25	0.774194	0.785503
GT	58	0	-1.70389	1.293	-0	0.0322581	0.0625	0.516129	0.59589
GT	59	0	-2.30971	2.08103	-0	0.0215054	0.0625	0.344086	0.395904
T	60	0	-2.11667	1.7308	-0	0.182796	0.25	0.731183	0.741316
