#kmer	position	shift	statistics	p-value	corrected.p	frac.obs	frac.exp	obs/exp	local.r
TTA	1	0	4.50895	3.81444	-0	0.0376344	0.00806452	4.66667	4.76103
TAA	2	0	6.15857	5.61308	1.32331	0.0537634	0.00964034	5.57692	5.7184
AA	3	0	4.78317	4.94118	0.651408	0.134409	0.0546747	2.45833	2.47787
A	4	0	4.56772	5.28643	0.996668	0.370968	0.230018	1.61278	1.61814
TCCA	5	0	3.29077	2.65655	-0	0.0215054	0.00481041	4.47059	4.55606
CCAG	6	0	4.27427	3.53718	-0	0.0322581	0.00669685	4.8169	4.91838
CACT	7	0	4.064	3.29038	-0	0.0268817	0.00528202	5.08929	5.20432
AGCT	8	0	3.24072	2.62045	-0	0.0215054	0.00490473	4.38462	4.46633
GTCA	9	0	4.9763	3.9526	-0	0.0268817	0.00396152	6.78571	7.00478
ACAC	10	0	3.94468	3.11724	-0	0.0215054	0.00377287	5.7	5.84859
TTGC	11	0	4.9763	3.9526	-0	0.0268817	0.00396152	6.78571	7.00478
AT	12	0	4.33408	4.29858	0.00881436	0.123656	0.0526699	2.34775	2.36498
TACA	13	0	4.08982	3.21644	-0	0.0215054	0.00358423	6	6.16667
CACG	14	0	4.79493	3.68091	-0	0.0215054	0.00282965	7.6	7.88117
CTAG	15	0	3.41457	2.68688	-0	0.016129	0.00282965	5.7	5.84859
GGCT	16	0	3.71569	3.02705	-0	0.0268817	0.00594228	4.52381	4.61165
GGCC	17	0	3.76223	3.06252	-0	0.0268817	0.00584795	4.59677	4.68792
GGCT	18	0	3.71569	3.02705	-0	0.0268817	0.00594228	4.52381	4.61165
TAG	19	0	3.55253	2.9521	-0	0.0322581	0.0084353	3.82418	3.88346
AGT	20	0	5.26867	4.8547	0.564929	0.0591398	0.0139043	4.25333	4.32947
GT	21	0	4.22614	4.16062	-0	0.123656	0.0537634	2.3	2.31628
TACG	22	0	4.96578	3.38838	-0	0.0107527	0.000754575	14.25	15.3493
GACT	23	0	3.25956	2.5865	-0	0.016129	0.0030183	5.34375	5.47224
GGTT	24	0	5.71077	4.45312	0.163352	0.0268817	0.00320694	8.38235	8.73075
ATGT	25	0	3.94468	3.11724	-0	0.0215054	0.00377287	5.7	5.84859
CTAT	26	0	3.97893	3.03923	-0	0.016129	0.00226372	7.125	7.36897
AATA	27	0	3.8722	2.97421	-0	0.016129	0.00235805	6.84	7.06296
ATA	28	0	4.62285	3.99584	-0	0.0430108	0.00973304	4.41905	4.50226
GT	29	0	3.90105	3.73582	-0	0.11828	0.0537634	2.2	2.21436
ATGG	30	0	4.064	3.29038	-0	0.0268817	0.00528202	5.08929	5.20432
GCGA	31	0	4.62295	3.41557	-0	0.016129	0.00179211	9	9.40678
CCCG	32	0	5.31676	4.18835	-0	0.0268817	0.00358423	7.5	7.77311
GAG	33	0	6.7453	6.93849	2.64873	0.0860215	0.0188172	4.57143	4.66142
AG	34	0	6.26522	7.4646	3.17483	0.182796	0.0675232	2.70715	2.73237
G	35	0	6.34788	9.14087	4.8511	0.456989	0.254301	1.79704	1.80482
TGTC	36	0	6.05176	4.88382	0.594052	0.0322581	0.00405584	7.95349	8.26411
AGAG	37	0	5.87674	4.75835	0.468582	0.0322581	0.00424448	7.6	7.88117
GAG	38	0	3.50755	3.05335	-0	0.0537634	0.0188172	2.85714	2.88612
ACCC	39	0	2.54122	2.10341	-0	0.016129	0.00415016	3.88636	3.94796
GTGC	40	0	3.95882	3.21141	-0	0.0268817	0.00547067	4.91379	5.01999
CAAT	41	0	4.24572	3.32165	-0	0.0215054	0.00339559	6.33333	6.52134
CCTT	42	0	4.47592	3.59467	-0	0.0268817	0.00462177	5.81633	5.9718
C	43	0	3.09613	2.99207	-0	0.370968	0.270161	1.37313	1.37591
ATCG	44	0	4.47646	3.33237	-0	0.016129	0.00188644	8.55	8.91378
TTAC	45	0	3.97893	3.03923	-0	0.016129	0.00226372	7.125	7.36897
CATC	46	0	4.32037	3.57396	-0	0.0322581	0.00660253	4.88571	4.99053
C	47	0	4.0869	4.51708	0.227314	0.403226	0.270161	1.49254	1.49652
TTCG	48	0	6.8957	5.19787	0.908099	0.0268817	0.00235805	11.4	12.079
TCG	49	0	5.73457	5.09514	0.805371	0.0483871	0.00889878	5.4375	5.57113
CG	50	0	5.81054	6.16223	1.87246	0.112903	0.0348095	3.24346	3.28327
GCCG	51	0	5.25364	3.96717	-0	0.0215054	0.00245237	8.76923	9.15365
TGCG	52	0	4.95116	3.59697	-0	0.016129	0.00160347	10.0588	10.5767
GG	53	0	3.98112	3.92939	-0	0.150538	0.0740842	2.03198	2.04338
GAGG	54	0	4.14097	3.43036	-0	0.0322581	0.00697982	4.62162	4.7139
AGG	55	0	3.80858	3.37926	-0	0.0591398	0.0200222	2.9537	2.98523
AAGA	56	0	4.16634	3.26825	-0	0.0215054	0.00348991	6.16216	6.33904
GACG	57	0	5.98899	4.40029	0.110527	0.0215054	0.00198076	10.8571	11.4682
ACG	58	0	4.11134	3.40653	-0	0.0322581	0.00704486	4.57895	4.66928
CG	59	0	2.61034	2.22806	-0	0.0698925	0.0348095	2.00785	2.01885
C	60	0	2.43563	2.15947	-0	0.349462	0.270161	1.29353	1.29559
GG	1	0	-2.73791	2.79525	-0	0.0215054	0.0740842	0.290283	0.289174
GC	2	0	-2.87268	3.09851	-0	0.016129	0.0698013	0.23107	0.230114
CC	3	0	-2.51459	2.38365	-0	0.0268817	0.0756333	0.355422	0.354188
C	4	0	-2.35306	2.00781	-0	0.193548	0.270161	0.716418	0.715321
C	5	0	-2.68332	2.44669	-0	0.182796	0.270161	0.676617	0.675436
CT	6	0	-2.06353	1.71283	-0	0.0376344	0.0782759	0.480792	0.479446
TG	7	0	-2.08465	1.73982	-0	0.0376344	0.0788227	0.477457	0.476112
CT	8	0	-2.60949	2.54046	-0	0.0268817	0.0782759	0.343423	0.342208
TC	9	0	-2.56164	2.48545	-0	0.0215054	0.0691635	0.310935	0.309782
G	10	0	-2.5762	2.30526	-0	0.172043	0.254301	0.676533	0.675352
CTT	11	0	-1.75636	1.32873	-0	0	0.0163144	0	0
TC	12	0	-2.27266	2.01183	-0	0.0268817	0.0691635	0.388669	0.387389
C	13	0	-2.02281	1.62344	-0	0.204301	0.270161	0.756219	0.755224
GAG	14	0	-1.88868	1.53451	-0	0	0.0188172	0	0
GCT	15	0	-1.89342	1.54215	-0	0	0.0189099	0	0
TGC	16	0	-2.00846	1.73318	-0	0	0.0212273	0	0
GCC	17	0	-2.0396	1.78674	-0	0	0.0218762	0	0
TA	18	0	-1.99	1.64669	-0	0.0107527	0.0390013	0.275701	0.274626
AGC	19	0	-1.89814	1.54978	-0	0	0.0190026	0	0
TC	20	0	-2.27266	2.01183	-0	0.0268817	0.0691635	0.388669	0.387389
C	21	0	-3.01357	2.94338	-0	0.172043	0.270161	0.636816	0.635568
CG	22	0	-2.59	2.86198	-0	0	0.0348095	0	0
TCA	23	0	-2.03518	1.77909	-0	0	0.0217835	0	0
TGG	24	0	-2.092	1.87866	-0	0	0.0229885	0	0
CG	25	0	-2.18997	1.97503	-0	0.00537634	0.0348095	0.15445	0.153748
ACA	26	0	-1.85039	1.47349	-0	0	0.0180756	0	0
GC	27	0	-2.00941	1.64808	-0	0.0322581	0.0698013	0.462141	0.460801
C	28	0	-3.01357	2.94338	-0	0.172043	0.270161	0.636816	0.635568
A	29	0	-2.40147	2.08233	-0	0.155914	0.230018	0.677834	0.676656
CG	30	0	-2.18997	1.97503	-0	0.00537634	0.0348095	0.15445	0.153748
GCA	31	0	-1.95402	1.64142	-0	0	0.0201149	0	0
AAG	32	0	-1.60296	1.10828	-0	0	0.0136263	0	0
CG	33	0	-2.59	2.86198	-0	0	0.0348095	0	0
G	34	0	-2.91295	2.79765	-0	0.16129	0.254301	0.634249	0.632998
T	35	0	-3.00975	2.95891	-0	0.150538	0.24552	0.613139	0.611859
TT	36	0	-2.19434	1.91073	-0	0.0215054	0.0595954	0.360856	0.359614
CCA	37	0	-1.98141	1.68729	-0	0	0.0206711	0	0
TGT	38	0	-1.88868	1.53451	-0	0	0.0188172	0	0
CCA	39	0	-1.98141	1.68729	-0	0	0.0206711	0	0
CA	40	0	-2.40363	2.19366	-0	0.0322581	0.0800984	0.40273	0.401434
AGG	41	0	-1.94942	1.63378	-0	0	0.0200222	0	0
CAT	42	0	-1.88394	1.52688	-0	0	0.0187245	0	0
AG	43	0	-2.50114	2.38422	-0	0.0215054	0.0675232	0.318489	0.31732
G	44	0	-2.40782	2.08195	-0	0.177419	0.254301	0.697674	0.696536
GTG	45	0	-1.82119	1.42774	-0	0	0.0175195	0	0
GG	46	0	-2.45795	2.29302	-0	0.0268817	0.0740842	0.362854	0.361608
AA	47	0	-2.95737	3.47156	-0	0.00537634	0.0546747	0.0983333	0.0978564
GG	48	0	-3.29783	4.11724	-0	0.0107527	0.0740842	0.145141	0.144474
TG	49	0	-2.62887	2.57324	-0	0.0268817	0.0788227	0.34104	0.33983
GG	50	0	-3.57779	5.01679	0.727024	0.00537634	0.0740842	0.0725707	0.0722087
T	51	0	-2.3283	1.98417	-0	0.172043	0.24552	0.70073	0.699598
TCA	52	0	-2.03518	1.77909	-0	0	0.0217835	0	0
GT	53	0	-1.95052	1.58106	-0	0.0215054	0.0537634	0.4	0.398707
TG	54	0	-1.81254	1.41284	-0	0.0430108	0.0788227	0.545665	0.544328
TGC	55	0	-2.00846	1.73318	-0	0	0.0212273	0	0
TA	56	0	-1.99	1.64669	-0	0.0107527	0.0390013	0.275701	0.274626
TCA	57	0	-2.03518	1.77909	-0	0	0.0217835	0	0
CTG	58	0	-1.94331	1.59416	-0	0.00537634	0.0294772	0.18239	0.181587
GT	59	0	-1.95052	1.58106	-0	0.0215054	0.0537634	0.4	0.398707
T	60	0	-1.98757	1.58842	-0	0.182796	0.24552	0.744526	0.743499
