#kmer	position	shift	statistics	p-value	corrected.p	frac.obs	frac.exp	obs/exp	local.r
H	1	0	1.56087	1.27567	-0	0.134185	0.106922	1.25498	1.25601
S	2	0	0.805318	0.742396	-0	0.0990415	0.086262	1.14815	1.14869
N	3	0	2.4515	2.14978	-0	0.239617	0.185729	1.29014	1.29134
K	4	0	0.542926	0.583481	-0	0.13738	0.127157	1.0804	1.08068
W	5	0	1.29683	1.06965	-0	0.121406	0.0994675	1.22056	1.22142
G	6	0	1.95797	1.6252	-0	0.108626	0.0788072	1.37838	1.38005
H	7	0	2.47545	2.15176	-0	0.15016	0.106922	1.40438	1.40621
G	9	0	2.58732	2.25991	-0	0.118211	0.0788072	1.5	1.50241
W	10	0	1.67455	1.37197	-0	0.127796	0.0994675	1.2848	1.28597
S	12	0	1.00665	0.869451	-0	0.102236	0.086262	1.18519	1.18589
D	13	0	2.68776	2.42286	-0	0.236422	0.178275	1.32616	1.32755
W	14	0	1.29683	1.06965	-0	0.121406	0.0994675	1.22056	1.22142
S	15	0	0.805318	0.742396	-0	0.0990415	0.086262	1.14815	1.14869
N	2	0	-0.0193795	0.325415	-0	0.185304	0.185729	0.997706	0.997699
N	4	0	-0.164725	0.328492	-0	0.182109	0.185729	0.980505	0.980443
R	7	0	-1.45698	1.08804	-0	0.102236	0.129925	0.786885	0.786348
W	9	0	-0.0251812	0.33498	-0	0.0990415	0.0994675	0.995717	0.995704
K	10	0	-0.644724	0.533406	-0	0.115016	0.127157	0.904523	0.904246
D	11	0	-1.89029	1.50042	-0	0.13738	0.178275	0.770609	0.770043
D	12	0	-0.708861	0.57537	-0	0.162939	0.178275	0.913978	0.913727
H	15	0	-0.268275	0.35748	-0	0.102236	0.106922	0.956175	0.956041
