#kmer	position	shift	statistics	p-value	corrected.p	frac.obs	frac.exp	obs/exp	local.r
AAAA	1	0	104881	16	11.8657	0.00537634	4.88759e-13	1.1e+10	2.88889
AGTT	2	0	104881	16	11.8657	0.00537634	4.88759e-13	1.1e+10	2.88889
AGTC	3	0	104881	16	11.8657	0.00537634	4.88759e-13	1.1e+10	2
AAAT	4	0	104881	16	11.8657	0.00537634	4.88759e-13	1.1e+10	2.36364
AAAA	5	0	104881	16	11.8657	0.00537634	4.88759e-13	1.1e+10	2.88889
AATG	6	0	104881	16	11.8657	0.00537634	4.88759e-13	1.1e+10	2.16667
AAAC	7	0	104881	16	11.8657	0.00537634	4.88759e-13	1.1e+10	1.52941
CGAT	8	0	104881	16	11.8657	0.00537634	4.88759e-13	1.1e+10	26
CCGT	9	0	209762	16	11.8657	0.0107527	4.88759e-13	2.2e+10	4.33333
AAAT	10	0	104881	16	11.8657	0.00537634	4.88759e-13	1.1e+10	2.36364
AAAT	11	0	314643	16	11.8657	0.016129	4.88759e-13	3.3e+10	8.66667
AATG	12	0	104881	16	11.8657	0.00537634	4.88759e-13	1.1e+10	2.16667
AAAT	13	0	104881	16	11.8657	0.00537634	4.88759e-13	1.1e+10	2.36364
AAAA	14	0	209762	16	11.8657	0.0107527	4.88759e-13	2.2e+10	6.5
AAAA	15	0	104881	16	11.8657	0.00537634	4.88759e-13	1.1e+10	2.88889
AATG	16	0	104881	16	11.8657	0.00537634	4.88759e-13	1.1e+10	2.16667
AGTC	17	0	209762	16	11.8657	0.0107527	4.88759e-13	2.2e+10	4.33333
AATG	18	0	104881	16	11.8657	0.00537634	4.88759e-13	1.1e+10	2.16667
TTTT	19	0	104881	16	11.8657	0.00537634	4.88759e-13	1.1e+10	0.866667
GTAG	20	0	104881	16	11.8657	0.00537634	4.88759e-13	1.1e+10	2.88889
AAAT	21	0	104881	16	11.8657	0.00537634	4.88759e-13	1.1e+10	2.36364
AAAA	22	0	104881	16	11.8657	0.00537634	4.88759e-13	1.1e+10	2.88889
AATG	23	0	104881	16	11.8657	0.00537634	4.88759e-13	1.1e+10	2.16667
CGTT	24	0	104881	16	11.8657	0.00537634	4.88759e-13	1.1e+10	3.71429
AAAA	25	0	209762	16	11.8657	0.0107527	4.88759e-13	2.2e+10	6.5
AAAA	26	0	104881	16	11.8657	0.00537634	4.88759e-13	1.1e+10	2.88889
AAAA	27	0	104881	16	11.8657	0.00537634	4.88759e-13	1.1e+10	2.88889
AAT	28	0	104881	16	11.8657	0.00537634	4.88759e-13	1.1e+10	0.613636
GT	29	0	629285	16	11.8657	0.0322581	4.88759e-13	6.6e+10	0.767123
T	30	0	5.63443	6.60863	2.47432	0.209677	0.0909091	2.30645	0.915789
ANNC	1	0	-3.92268	5.0878	0.953491	0.0483871	0.151515	0.319355	0.869888
GNNG	2	0	-3.6632	4.89426	0.75996	0.016129	0.0948192	0.170103	0.214876
C	3	0	-3.35547	3.41009	-0	0.258065	0.377322	0.683938	0.874921
CG	4	0	-3.25087	4.46405	0.329747	0	0.0537634	0	0
GNCC	5	0	-2.67874	3.05773	-0	0	0.0371457	0	0
C	6	0	-3.83302	4.27231	0.138003	0.236559	0.372434	0.635171	0.8
CNNC	7	0	-4.05749	5.5418	1.4075	0.0376344	0.141251	0.266436	0.340824
C	8	0	-3.058	2.94295	-0	0.258065	0.36608	0.70494	0.874921
C	9	0	-3.45256	3.58224	-0	0.247312	0.369501	0.669312	0.837414
CC	10	0	-3.77402	4.73678	0.602473	0.0483871	0.146139	0.331104	0.539615
GCNG	11	0	-2.69699	3.09874	-0	0	0.0376344	0	0
CTNC	12	0	-2.25164	2.03617	-0	0.0107527	0.0449658	0.23913	0.319018
C	13	0	-3.28175	3.28603	-0	0.263441	0.380254	0.692802	0.893711
AG	14	0	-2.3501	2.14284	-0	0.0215054	0.0635386	0.338462	0.293963
C	15	0	-2.76343	2.50798	-0	0.27957	0.37781	0.739974	0.950221
CNG	16	0	-2.58098	2.41878	-0	0.0537634	0.113881	0.472103	0.597345
GNCC	17	0	-2.87408	3.51004	-0	0	0.042522	0	0
GG	18	0	-3.12131	3.61383	-0	0.016129	0.0772239	0.208861	0.193548
GG	19	0	-3.1634	3.80312	-0	0.0107527	0.0698925	0.153846	0.128736
TG	20	0	-2.28191	2.02531	-0	0.0268817	0.0694037	0.387324	0.373333
GG	21	0	-3.2831	4.2465	0.112196	0.00537634	0.0645161	0.0833333	0.0642202
TNNC	22	0	-3.40581	4.55939	0.425087	0.00537634	0.0684262	0.0785714	0.0820189
GC	23	0	-2.91094	2.95965	-0	0.0537634	0.124145	0.433071	0.655738
C	24	0	-2.70131	2.4287	-0	0.268817	0.364125	0.738255	0.912524
C	25	0	-2.95077	2.78732	-0	0.252688	0.356305	0.709191	0.856156
CNNC	26	0	-2.88912	2.90679	-0	0.0591398	0.130499	0.453184	0.539623
CNNG	27	0	-4.15305	5.47115	1.33685	0.0698925	0.18915	0.369509	0.887139
CC	28	0	-3.59425	4.29537	0.16107	0.0537634	0.147116	0.365449	0.600858
TG	29	0	-3.69287	4.47768	0.343374	0.0591398	0.157869	0.374613	0.834688
G	30	0	-7.28252	12.729	8.59472	0.27957	0.545455	0.512545	1.06799
