#kmer	position	shift	statistics	p-value	corrected.p	frac.obs	frac.exp	obs/exp	local.r
ANNG	1	0	5.26311	5.73477	1.60047	0.155914	0.0625	2.49462	2.88889
CANA	2	0	4.78523	4.3663	0.231994	0.0591398	0.015625	3.78495	4.14493
TNAG	3	0	5.37646	5.04744	0.913132	0.0645161	0.015625	4.12903	6.11765
GAG	4	0	7.74136	8.08831	3.954	0.0860215	0.015625	5.50538	4.69565
AG	5	0	6.77768	8.30159	4.16729	0.182796	0.0625	2.92473	2.71225
G	6	0	6.51934	9.53421	5.39991	0.456989	0.25	1.82796	1.78753
TGTC	7	0	6.19879	4.98796	0.853655	0.0322581	0.00390625	8.25806	9.75
AGAG	8	0	6.19879	4.98796	0.853655	0.0322581	0.00390625	8.25806	7.09091
GNCC	9	0	4.78523	4.3663	0.231994	0.0591398	0.015625	3.78495	2.91837
GCC	10	0	3.60278	3.1138	-0	0.0483871	0.015625	3.09677	1.84091
CC	11	0	4.35437	4.3887	0.254395	0.139785	0.0625	2.23656	1.61778
TGC	12	0	4.19401	3.7209	-0	0.0537634	0.015625	3.44086	2.54717
CCTT	13	0	5.02332	3.98554	-0	0.0268817	0.00390625	6.88172	4.64286
C	14	0	3.81	4.03192	-0	0.370968	0.25	1.48387	1.27452
TNNC	15	0	3.74855	3.57871	-0	0.129032	0.0625	2.06452	2.12245
GNCT	16	0	4.78523	4.3663	0.231994	0.0591398	0.015625	3.78495	2.6729
CNNC	17	0	5.26311	5.73477	1.60047	0.155914	0.0625	2.49462	1.47266
CNNC	18	0	10.7155	16	11.8657	0.252688	0.0625	4.04301	2.47368
CNNC	19	0	10.7155	16	11.8657	0.252688	0.0625	4.04301	2.47368
CNNC	20	0	5.26311	5.73477	1.60047	0.155914	0.0625	2.49462	1.47266
CNNC	21	0	6.17185	7.22848	3.09418	0.172043	0.0625	2.75269	1.63458
C	22	0	4.318	4.8829	0.748597	0.387097	0.25	1.54839	1.33248
GGG	23	0	4.19401	3.7209	-0	0.0537634	0.015625	3.44086	2.25
GG	24	0	4.9602	5.26917	1.13486	0.150538	0.0625	2.4086	1.91687
GAGG	25	0	6.19879	4.98796	0.853655	0.0322581	0.00390625	8.25806	4.72727
AGG	26	0	4.78523	4.3663	0.231994	0.0591398	0.015625	3.78495	2.8835
GG	27	0	3.44564	3.20128	-0	0.123656	0.0625	1.97849	1.55556
GGC	28	0	3.01156	2.54799	-0	0.0430108	0.015625	2.75269	1.7561
GG	29	0	2.23398	1.88711	-0	0.102151	0.0625	1.63441	1.27273
C	30	0	0.931334	0.810109	-0	0.27957	0.25	1.11828	0.950221
CG	1	0	-3.21845	4.08624	-0	0.00537634	0.0625	0.0860215	0.123894
ANT	2	0	-2.61262	2.60854	-0	0.016129	0.0625	0.258065	0.373272
ANNT	3	0	-2.61262	2.60854	-0	0.016129	0.0625	0.258065	0.333333
CG	4	0	-3.52136	5.21334	1.07904	0	0.0625	0	0
G	5	0	-2.794	2.61943	-0	0.16129	0.25	0.645161	0.606695
TA	6	0	-2.91554	3.25974	-0	0.0107527	0.0625	0.172043	0.378378
AA	7	0	-2.30971	2.08103	-0	0.0215054	0.0625	0.344086	0.46473
ANT	8	0	-2.30971	2.08103	-0	0.0215054	0.0625	0.344086	0.5
ANNA	9	0	-2.30971	2.08103	-0	0.0215054	0.0625	0.344086	0.40625
CNNT	10	0	-2.0068	1.64864	-0	0.0268817	0.0625	0.430108	0.440678
CG	11	0	-2.91554	3.25974	-0	0.0107527	0.0625	0.172043	0.248889
A	12	0	-2.45534	2.14508	-0	0.172043	0.25	0.688172	0.792485
TA	13	0	-2.61262	2.60854	-0	0.016129	0.0625	0.258065	0.571429
GNT	14	0	-2.61262	2.60854	-0	0.016129	0.0625	0.258065	0.346154
G	15	0	-2.286	1.93067	-0	0.177419	0.25	0.709677	0.668763
ANNG	16	0	-1.70389	1.293	-0	0.0322581	0.0625	0.516129	0.549296
GA	17	0	-2.30971	2.08103	-0	0.0215054	0.0625	0.344086	0.36246
AA	18	0	-3.21845	4.08624	-0	0.00537634	0.0625	0.0860215	0.114754
ANG	19	0	-3.21845	4.08624	-0	0.00537634	0.0625	0.0860215	0.0944056
GNT	20	0	-2.91554	3.25974	-0	0.0107527	0.0625	0.172043	0.229787
GG	21	0	-3.21845	4.08624	-0	0.00537634	0.0625	0.0860215	0.0642202
TNNC	22	0	-3.21845	4.08624	-0	0.00537634	0.0625	0.0860215	0.0820189
TA	23	0	-2.91554	3.25974	-0	0.0107527	0.0625	0.172043	0.378378
GT	24	0	-2.30971	2.08103	-0	0.0215054	0.0625	0.344086	0.506787
ANT	25	0	-2.0068	1.64864	-0	0.0268817	0.0625	0.430108	0.627907
CG	26	0	-2.0068	1.64864	-0	0.0268817	0.0625	0.430108	0.630631
TA	27	0	-2.91554	3.25974	-0	0.0107527	0.0625	0.172043	0.378378
T	28	0	-1.778	1.37276	-0	0.193548	0.25	0.774194	0.843296
GT	29	0	-1.70389	1.293	-0	0.0322581	0.0625	0.516129	0.767123
T	30	0	-1.27	0.933109	-0	0.209677	0.25	0.83871	0.915789
